125686421 404090405
1002001 1002101
44943 104060501
65 1001002501001
40803 1212225222121
124570421 1003004503001
100020001 104060501
483 404090404
104060400 1234567654321
404090403 4000008000005
102030200 124570421
12221 12345654322
14640 1211124711121
7 11161916161
1000001999901 1211124711121
4007904 2617287827162
7 1023336833201
483 1002003002001
21 1234421
10221412200 1234567654322
14641 112651261
4000008000004 4000008000104
262883263 1012155017101
101025101 102030301
10221412201 40000800104
40704 1002001
14541 14641
100020000 1210024200121
100020001 262883262
1214428244120 4004009004004
1023336833201 4000008000104
123454321 12102420122
44944 40000800004
21 40000800004
12321 112651261
12102420121 4000008000005
104060400 121242122
523473 1004006004001
12221 1003004503001
404090304 1001002501001
1 13481
52014003 1211124711121
42874 1020304030301
40803 123454321
12221 122348221
523473 404090404
10101 103045301
1000002000000 1210024200121
65 104060401
1 109
10200 1212225222221
13481 1002003002001
44844 44945
101025101 1003004503001
1223387338221 4000008000004
40803 45044
11261 40805
1214428244120 4004009004104
1210024200120 1223387338221
10000200000 52002004502002
1234320 1020304030301
1002000 1118161
400080003 10221412202
1002001 102030301
122348221 1232346432321
402085204 4002008502004
123454320 10000200001
2621163 1210024200122
121242121 1223387338221
12321 1022325232301
1210024200120 1210024200122
4 10201
483 10202
103045301 404090405
7 5202145202
404090404 1000002000001
1232346432320 4004009004004
40803 10221412301
11161916161 1003004503001
102030201 1212225222122
8 121242221
1234221 123454322
121 404090504
122348221 1210024200221
484 1232346432322
1118161 112651261
103045301 1233457043321
10000200000 1210024200122
123454320 1022325232301
1 52002004502002
10110806101 1004006004002
10200 40000800004
40803 402085204
1234221 4000008000004
4007904 1234567654322
7 10221412301
12345654221 12345654322
14641 40904
1002000 10000200001
1118161 1234322
52014003 125686521
12102420121 1002003002101
10101 1210024200221
1020304030201 1232346432421
11261 1024348434201
121242120 1022325232202
404090403 1023336833201
14640 42874
123454321 1214428244221
8 40000800104
1 1211124711121
123454320 1210024200221
1 101025101
10000199901 1003004503001
520001400003 1234567654321
40804 100020002
123454221 1024348434202
400080004 1212225222122
124570421 1002003002101
14541 102030201
10201 40000800005
1 12345654322
1004006004001 1223387338221
1020304030101 1210024200221
14541 10221412301
1 1024348434301
483 12321
484 123454321
303 11261
27723 1212225222122
11161916161 1020304030301
1020304030101 1233457043321
1024348434200 4004009004004
103045301 121242122
303 12224037221
4008004 10110806101
1002000 125686621
112651261 1000002000002
12102420121 1214428244122
1 102030202
10200 100020002
12345654221 1210024200121
40000799904 1002003002002
12102420021 1232346432421
4008003 10000200001
303 14642
42874 45044
1210024200120 1210024200221
1020304030201 1024348434201
10000200001 1020304030301
123454320 1020304030202
125686421 1002003002001
122348221 520001400002
1020304030200 1210024200221
52014003 1117186317161
44844 1211124711121
11261 10221412201
124570421 400080005
1024348434101 1213326733121
1002001 12102420121
104060400 125686521
1214428244121 1234567654322
10221412101 12224037221
4007904 101025101
404090403 40000800004
121242121 10221412202
44944 1232346432321
1232346432321 4002008502004
520001400003 1002003002101
44943 1024348434201
44844 2621162
1002003002000 4000008000104
112651261 123454322
102030200 1232346432321
44844 1234421
27723 1212225222121
1004006004000 1213326733121
13481 26173227162
1234321 121242122
1001901 1212225222121
12221 1212225222121
52014003 40000800004
102030200 52002004502002
1002001 100020001
1118161 1020304030202
400080003 1024348434202
14541 1210024200221
1022325232200 4000008000104
122348221 125686521
104060400 40000800004
1001901 1003004503001
1234320 400080005
40804 10110806101
12321 100020001
1001901 1214428244122
4 109
40704 1021314631201
1021314631201 1022325232201
11161916161 12102420121
484 14741
9 1020304030201
124570421 404090404
100020001 104060401
12102420121 1024348434202
21 1211124711121
123454320 10221412202
1004006004001 1020304030301
404090403 1117186317161
1234321 1212225222221
102030200 1004006004101
10000199901 520001400002
523473 1210024200221
40704 12102420221
121 1002002
44844 404090504
12102420120 1002003002002
1 27722
1000002000000 1233457043321
40704 100020101
4 65
1213326733121 1232346432322
102030200 10221412202
1214428244121 4004009004004
14541 1000002000001
65 1004006004002
112651261 10000200001
10101 4002008502004
104060400 26173227162
40000800003 1212225222122
14640 4000008000005
1002003001901 1210024200121
1002001 1212225222121
122348221 4004009004004
40704 104060402
13481 4008005
42874 101025101
1020304030201 1212225222122
101025101 1232346432322
14640 1012155017101
4007904 104060401
4 52014002
121 121242121
10221412200 1234567654321
14640 1024348434301
100019901 1001002501001
1000002000001 1004006004001
404090404 1003004503001
8 1020304030202
102030201 104060501
12221 1234567654421
303 402085204
404090403 1004006004101
14641 102030201
14640 1000002000001
44944 112651261
10200 103045301
11161916161 1004006004002
10101 1210024200121
1234320 1021314631201
104060400 1004006004101
103045301 1234567654322
404090404 1233457043321
42874 1004006004001
1 10110806101
12102420121 1212225222122
400080004 400080104
123454221 124570421
124570421 1020304030202
12321 10000200101
10221412101 10221412201
384 12322
12345654320 1232346432321
1 5202145202
12102420121 12102420122
27723 112651261
10000199901 1024348434202
384 5342
40804 40000800004
112651261 1000002000001
12321 4008104
123454321 4004009004005
100020000 1212225222121
14641 12102420121
7 101025101
3 1234321
4 1234567654321
104060301 1232346432421
40000800003 1223387338221
1 10201
123454321 124570421
10201 4004009004005
10201 10221412301
1003004503001 1004006004002
1210024200021 4000008000004
44944 45044
11261 1004006004101
1234221 10000200001
1234221 52014002
121242121 1004006004101
1002003001901 1020304030301
1000001999901 1022325232301
303 40000800104
21 125686521
121242021 1024348434201
1000002000001 52002004502002
14640 1002101
100020000 1020304030201
1003004503001 1004006004001
1118161 404090404
10221412201 1020304030201
400080003 1022325232301
4007904 121242122
14541 14642
102030200 103045301
14640 1020304030201
1214428244120 1214428244121
400080003 402085204
1234320 125686621
14541 1000002000101
40000799904 40000800004
100020000 1024348434202
44944 1214428244221
1024348434101 1211124711121
44943 1232346432421
400080003 4004009004005
4007904 4008005
1234221 1024348434201
1000001999901 1001002501001
1024348434101 52002004502002
1211124711121 4000008000005
1002003002001 1234567654421
1234221 40000800005
40803 10000200001
402085204 404090504
12345654221 1004006004002
4004009004004 4004009004005
121242021 1001002501001
100020000 100020002
1002000 104060402
14640 1234321
125686520 1233457043321
2621163 1004006004101
44943 4008005
10110806101 1232346432421
484 1210024200122
1002001 1210024200122
10201 4004009004004
3 10202
4008003 1024348434202
1001901 12345654321
121242021 125686621
100020000 40000800005
52014003 1210024200122
12345654321 520001400002
400080003 1002003002101
7 10000200001
104060401 1023336833201
42874 1001002501001
384 14641
9 1000002000101
262883263 400080005
122348221 1234567654321
4008004 1212225222122
40804 100020101
10200 262883262
4 10221412202
13481 1214428244221
4004009004004 52002004502002
12321 12322
1000002000000 1004006004101
1020304030101 1232346432322
1214428244121 4000008000004
102030200 1212225222122
121 10000200002
52014003 101025101
100020001 1003004503001
14541 4008104
101025101 1024348434301
42874 1004006004002
1214428244121 1232346432421
100019901 100020101
1002000 125686521
102030101 1000002000002
112651261 1020304030301
42874 123454321
14640 44944
40803 121242121
400080004 10221412202
12102420121 1233457043321
121 1212225222221
120 4002008502004
404090403 1223387338221
121 404090405
10201 5202145202
400080003 1214428244121
44844 123454421
104060301 1022325232202
11161916161 1000002000001
65 520001400002
100020000 400080104
1004006003901 1232346432322
104060401 4004009004004
1002001 1117186317161
103045301 404090504
4 1002001
1234567654320 4002008502004
52014003 12102420121
10201 1234567654421
42874 12102420221
12102420120 4004009004004
10221412201 1024348434202
1002001 1212225222122
100020000 2617287827162
10201 52002004502002
14640 101025101
10221412201 1000002000101
1024348434200 1024348434202
121242121 1022325232201
1118161 1000002000002
1002003002000 1021314631201
1002000 1234421
1223387338221 1234567654321
1024348434101 1223387338221
4007904 10000200101
44944 1212225222221
4 1234567654421
3 100020001
125686520 10221412301
104060301 262883262
121 11261
12321 1214428244122
12221 45044
384 10221412201
3 5202145202
262883263 1214428244122
484 1024348434201
1234221 10110806101
1210024200021 1210024200221
12320 10221412301
1022325232200 1117186317161
12102420021 40000800005
104060401 1021314631201
1118161 125686522
1214428244120 1232346432421
12102420121 1000002000101
123454321 12345654421
44844 10110806101
10221412201 10221412301
4 1020304030202
40704 400080005
7 404090504
1 112651261
5202145203 1024348434202
9 1211124711121
40803 404090405
14641 1021314631201
44943 1234322
1012155017101 4000008000004
1234221 26173227162
404090404 520001400002
5343 121242121
26173227163 1234567654321
1234321 11161916161
1002003002000 4004009004004
1001901 101025101
65 45044
2621163 1210024200221
1234320 100020002
1234321 4008004
9 1000002000001
26173227163 1212225222122
13481 104060501
40804 10000200002
12345654321 1210024200221
1001901 10000200001
400079904 1210024200121
12102420121 4004009004004
1212225222021 1212225222221
12102420021 1211124711121
103045301 2617287827162
12221 26173227162
40704 1233457043321
44943 1024348434202
4007904 1004006004101
40804 2621162
3 1214428244121
121 10221412202
103045301 40000800004
1234320 1232346432322
3 4000008000004
12102420121 1232346432321
10201 1020304030201
1020304030101 1020304030202
44944 104060402
125686521 1232346432321
1012155017101 1022325232301
1234320 124570421
121242021 1212225222221
1234320 1234421
102030200 1004006004002
123454221 1002003002002
44944 1022325232301
10000200000 1214428244122
1022325232200 1022325232201
10221412201 1212225222221
404090404 4000008000004
8 4008005
3 4008104
14641 12102420122
121 1022325232301
104060301 1024348434301
40804 44944
12221 4000008000005
1117186317161 4000008000104
123454321 1024348434301
4008004 122348221
483 10301
14641 1002003002101
125686521 125686521
125686421 1223387338221
4008003 1012155017101
104060301 1117186317161
102030201 400080104
1020304030101 1021314631201
484 13481
9 10221412201
5343 40805
14640 4004009004005
104060401 1214428244221
11261 40804
13481 4004009004005
40000800004 1234567654321
2621163 12102420121
484 12102420122
12321 2621162
122348221 1233457043321
10221412201 40000800004
121 4000008000104
400080003 1004006004001
483 584
40804 40000800104
1000002000001 1214428244221
112651261 1117186317161
40804 10221412301
12345654320 4004009004005
65 10221412301
102030200 400080104
1024348434201 4002008502004
1002000 12345654421
123454321 125686621
8 1002002
123454221 1214428244122
4 1001002501001
12320 125686522
4 262883262
1003004503001 1210024200221
12321 1214428244121
14640 1024348434201
14541 10221412202
1 122348221
40704 4008005
4008003 1003004503001
1212225222121 1232346432322
12102420121 1002003002001
1210024200120 4002008502004
303 40904
1002003002000 1214428244221
10201 4008104
40804 1212225222122
12102420121 1000002000002
104060301 125686522
12224037221 26173227162
303 5342
1024348434101 1210024200221
1024348434200 1234567654421
14641 104060402
123454320 12102420221
4 27722
1001901 4002008502004
12102420120 1210024200122
44943 1012155017101
104060400 1023336833201
402085204 404090404
10201 12322
1001002501001 1023336833201
1214428244120 1214428244122
484 44945
1234567654320 4004009004104
1 12345654321
303 1000002000101
40000799904 1232346432321
1002000 1023336833201
112651261 11161916161
40803 1214428244121
1234321 1210024200221
40803 44945
10221412101 1117186317161
100020000 1234567654321
384 4004009004104
27723 121242122
123454221 123454421
125686520 1020304030301
12321 100020101
1020304030101 1232346432421
40000799904 1232346432322
520001400003 1003004503001
4 10000200001
123454320 1020304030201
12102420021 2617287827162
11261 101025101
14640 10000200101
1003004503001 4000008000104
102030200 121242221
10101 40000800104
1004006004001 1234567654322
1002001 112651261
44944 4008005
1234320 1212225222221
1002000 1233457043321
12224037221 1234567654322
1020304030201 4000008000104
1002001 4000008000004
1118161 400080004
1118161 1024348434202
10200 4000008000005
44844 1210024200121
10221412200 1000002000001
3 1232346432421
404090404 1232346432421
1 14641
483 10201
123454221 10221412301
520001400003 1213326733121
5343 11261
124570421 1223387338221
14541 1022325232202
1000002000001 1214428244121
40704 1212225222122
484 1002002
5202145203 4004009004104
44943 520001400002
484 1234322
8 1022325232202
1004006003901 4000008000004
384 10221412202
1002000 1004006004002
1 1
1001901 100020101
1 10000200001
303 1232346432421
1004006004001 1024348434202
14640 1234567654421
123454221 1223387338221
1118161 4002008502004
13481 1004006004002
1002000 1004006004101
44844 4004009004004
27723 123454421
4007904 1002003002001
3 1234421
1234567654321 4000008000004
104060301 1232346432321
1002000 4008004
1001002501001 1004006004101
40704 12345654321
11261 42874
12345654320 1024348434301
104060400 1020304030301
404090404 1117186317161
11161916161 1212225222221
65 4004009004004
100019901 10000200001
4 104060401
520001400003 4000008000104
13481 12224037221
65 4004009004104
13481 1118161
123454320 1117186317161
12102420120 1003004503001
12102420120 1214428244121
123454321 262883262
40803 1210024200221
125686421 1234567654321
13481 12345654322
121242021 1234567654321
104060301 1003004503001
1234221 1022325232201
262883263 1020304030201
125686521 1004006004001
40000800004 4000008000005
10221412200 1210024200122
523473 520001400002
120 10221412202
303 44945
40804 400080004
65 1002003002002
1234221 125686521
14541 4004009004004
3 520001400002
12320 4000008000104
10221412101 1232346432421
12321 1210024200121
102030101 4000008000005
100019901 12224037221
44844 1210024200221
100020001 102030301
10221412201 1210024200122
400080004 520001400002
12345654221 4004009004104
125686521 40000800104
1002000 400080104
40803 1000002000002
1020304030101 1024348434301
1210024200120 1234567654421
1117186317161 1234567654421
1022325232201 4004009004005
12102420021 1210024200121
1000001999901 1002003002101
65 1002003002001
27723 400080005
483 104060402
125686521 1020304030202
11161916161 520001400002
400080003 404090404
10221412200 1020304030301
121242120 125686621
1234221 104060402
483 1020304030202
1004006003901 4004009004104
404090304 12102420121
42874 1012155017101
483 12322
3 1012155017101
123454320 52002004502002
384 1210024200121
1024348434200 4000008000005
10201 12345654421
13481 125686521
7 221
1000002000000 1223387338221
4 125686522
10000200001 1233457043321
12221 1002002
124570421 4004009004005
40804 523472
12321 1024348434202
2617287827163 4000008000104
7 1210024200221
121242021 26173227162
125686520 12345654321
1000002000000 1020304030301
104060301 1214428244221
384 102030202
10101 1234322
101025101 4004009004004
44943 104060402
21 10000200101
483 1023336833201
12321 26173227162
123454320 262883262
404090304 1214428244122
102030200 1234567654322
523473 10110806101
303 1212225222221
7 1210024200122
121242120 122348221
10200 400080005
8 4004009004004
1212225222121 4004009004004
1002003002000 1234567654321
44844 1234567654321
1 404090504
100019901 1117186317161
13481 1214428244122
10201 14741
5202145203 12102420122
1234221 122348221
123454221 1214428244121
100019901 112651261
3 404090404
104060301 1212225222122
483 44944
1012155017101 1117186317161
100019901 26173227162
1212225222120 1212225222221
12345654221 1232346432321
125686421 4004009004004
484 4000008000004
483 27722
103045301 400080004
100020001 1233457043321
484 523472
1234321 1117186317161
121 400080005
10101 1214428244221
10201 400080104
120 1023336833201
8 4000008000005
4 40804
102030200 1024348434301
4008004 4008005
104060301 124570421
1004006004001 1210024200122
1214428244121 1234567654321
65 1022325232201
12320 1000002000101
103045301 10000200001
404090403 1234567654321
1232346432321 1233457043321
1117186317161 1234567654321
1234567654320 4004009004004
12321 12102420122
4008004 404090405
123454221 1213326733121
40804 1012155017101
44944 125686522
125686421 1004006004001
10000200001 11161916161
404090404 4004009004104
40803 1002101
7 262883262
402085204 1022325232201
10200 4008104
9 121
101025101 2617287827162
12345654321 1214428244121
1001901 26173227162
1000002000001 1022325232201
4 11161916161
112651261 1212225222221
120 10221412301
12345654320 1213326733121
12224037221 1210024200121
10000199901 10000200001
9 1233457043321
2621163 12345654322
10000200001 40000800005
120 11261
12321 1012155017101
1022325232201 4004009004104
520001400003 1223387338221
40803 1232346432322
121242121 1020304030201
484 1234567654421
4008004 262883262
484 11261
102030201 123454421
27723 122348221
12345654221 1212225222122
400079904 4004009004104
21 10201
484 12322
4007904 1210024200121
12321 102030202
12102420021 1024348434301
40804 1020304030201
404090403 1000002000101
10200 1012155017101
52014003 104060402
3 1024348434301
523473 1000002000002
21 102030301
125686421 4004009004005
14541 123454322
303 1234567654321
121 52002004502002
1234320 2621162
1020304030201 1210024200121
483 12421
4007904 4000008000004
27723 10221412201
404090404 4004009004004
404090304 1234567654321
1233457043321 2617287827162
27723 40804
44943 1002001
10221412101 1004006004002
303 4000008000004
1212225222120 1223387338221
65 10221412202
10000199901 4004009004004
12102420120 12224037221
100020000 52002004502002
1234567654321 2617287827162
125686421 4000008000005
10000199901 11161916161
12321 1020304030202
8 1223387338221
1002001 12224037221
9 1234567654322
104060401 5202145202
1118161 1020304030201
9 14741
120 10201
40804 4000008000005
1022325232201 1024348434301
7 123454421
1002000 404090405
11261 12102420121
11161916161 1004006004001
40803 44944
40803 10110806101
101025101 125686521
1002001 404090504
120 4008005
112651261 1000002000101
12221 1020304030201
42874 121242121
10000200001 520001400002
400079904 40000800104
1012155017101 1212225222221
4008004 1210024200221
1003004503001 1232346432321
123454221 125686522
1118161 1214428244221
400080004 1024348434301
4008004 10000200001
1002001 103045301
12320 1022325232201
14641 1020304030201
483 112651261
121 12345654321
12321 4000008000005
123454221 12102420221
1232346432221 1234567654321
1002003001901 4004009004005
122348221 1117186317161
102030101 400080104
44943 1211124711121
1012155017101 4004009004004
40000800003 1002003002002
10221412201 1232346432322
52014003 400080005
102030101 402085204
103045301 4000008000104
14641 1001002501001
42874 1210024200121
14640 100020002
400079904 40000800004
42874 1234421
12320 1233457043321
12102420120 12345654421
44844 1234567654322
1000001999901 4000008000004
262883263 1002003002101
120 1232346432421
1022325232101 1212225222122
40000799904 1214428244221
123454320 520001400002
4 1002003002002
1210024200121 1211124711121
125686520 1214428244122
104060400 1004006004002
400080003 400080004
1118161 12345654321
14541 2617287827162
44944 1214428244122
1234221 4008104
11261 1234322
44844 404090405
40704 404090405
10221412101 1020304030301
104060400 1020304030202
14641 1234321
384 404090504
102030201 1214428244122
404090403 4000008000104
303 26173227162
101025101 26173227162
1024348434200 1210024200221
40803 100020101
120 404090405
104060301 4000008000104
123454221 26173227162
1021314631201 1210024200221
10101 1022325232201
404090403 10221412301
100020001 1214428244121
1117186317161 1214428244121
4 1214428244122
103045301 1003004503001
112651261 123454421
1000002000001 1210024200122
12320 1232346432321
12221 1000002000002
44844 12102420121
9 10000200101
104060400 125686621
402085204 1232346432322
104060401 12345654321
123454221 123454321
1234221 2621162
1002003001901 1022325232301
1002003001901 4000008000005
12221 14641
14541 1211124711121
102030201 125686521
10101 1117186317161
4008004 104060501
121 12102420121
400080003 12224037221
11261 10000200002
8 10221412201
44944 1214428244121
3 1214428244122
40804 1212225222221
12102420120 1234567654321
102030101 125686521
4008004 1213326733121
484 1117186317161
8 1020304030301
483 4000008000005
484 400080005
40804 1003004503001
483 1213326733121
21 103045301
12102420021 1233457043321
1002001 1002003002002
14641 12345654322
1022325232101 1232346432322
27723 100020002
4 4000008000104
44844 400080104
65 221
10110806101 1117186317161
102030201 1022325232301
1234321 1024348434202
121 10221412301
1234321 1213326733121
10201 1001002501001
125686421 400080005
9 12102420221
4007904 26173227162
102030200 40000800004
44944 102030301
124570421 400080004
12221 103045301
124570421 1020304030201
40804 1234567654421
123454320 40000800004
400080004 1004006004001
27723 45044
1234320 1212225222122
44944 1234567654321
10200 1234567654322
402085204 1022325232301
404090304 1000002000101
123454320 123454322
44844 10221412201
1234320 12224037221
1002000 104060401
102030200 1022325232202
101025101 1232346432421
12320 262883262
100019901 1212225222221
4 4002008502004
12345654321 4004009004004
1210024200021 1234567654321
12221 104060501
400080004 404090405
402085204 1003004503001
125686521 2617287827162
12321 1000002000001
400080004 1210024200221
1001901 1020304030201
4 2617287827162
4008003 1210024200221
10201 1024348434202
1210024200021 4000008000104
125686421 1022325232202
12345654221 1023336833201
10000199901 1000002000101
65 12322
11261 1210024200121
4008004 404090404
10221412200 10221412202
1002001 1118161
121242120 52002004502002
123454321 1232346432321
52014003 1000002000002
404090403 10221412202
12345654321 12345654421
52014003 1001002501001
1234221 101025101
10201 1020304030301
27723 40000800104
404090403 5202145202
14541 12345654421
103045301 404090404
121242021 1024348434301
1234320 262883262
1021314631201 1210024200121
1118161 402085204
21 14741
124570421 4000008000104
303 5202145202
8 4000008000004
102030201 1004006004001
520001400003 1000002000001
100020001 400080004
1212225222021 4004009004004
1002001 404090404
40804 1023336833201
10000200001 1232346432421
13481 100020101
14641 1232346432421
100020001 4000008000004
2621163 4008104
11261 10110806101
121242021 40000800004
1234320 1210024200121
1234320 4002008502004
10201 4008004
4007904 1023336833201
40803 4008004
21 45044
27723 1234567654421
12221 1210024200221
102030101 1117186317161
1234320 1024348434301
1000002000000 4000008000005
125686521 10110806101
3 40000800104
101025101 1234567654321
1234320 101025101
12102420121 1232346432421
102030101 4004009004104
102030200 1210024200121
1002001 125686522
1234321 125686521
1002003002001 52002004502002
520001400003 1232346432421
1000001999901 1214428244122
404090304 404090405
4002008502004 4004009004004
1002003002001 1002003002001
1020304030200 1214428244221
13481 1234322
10101 400080104
14641 1210024200122
112651261 1214428244221
1004006004000 1024348434201
14541 1024348434202
10200 12102420221
44944 400080104
1002000 1214428244121
42874 4004009004005
10201 400080004
404090304 40000800104
104060401 11161916161
400080004 404090504
303 4008104
12345654221 1212225222221
1002001 1023336833201
1002003001901 1002003002101
40000799904 1024348434201
21 12102420121
10201 122348221
1234320 1210024200221
1002001 1022325232201
44844 1223387338221
102030101 400080004
103045301 1002003002101
10221412200 520001400002
102030101 1210024200221
104060400 1210024200221
1118161 123454421
4008004 103045301
404090304 1004006004101
40000800004 1233457043321
12345654321 12345654322
1 1024348434201
121 1000002000002
9 10202
11161916161 1004006004101
1 121242122
5343 1213326733121
14541 40000800004
7 1021314631201
12345654320 1000002000002
523473 52014002
14541 44945
14541 4004009004005
112651261 12102420221
121242120 1233457043321
9 1004006004101
1020304030101 1214428244121
5343 103045301
1000002000001 1022325232301
1234321 1020304030202
121242121 12102420221
400080004 12345654421
262883263 40000800004
5202145203 1022325232201
8 400080004
40804 1004006004002
100020001 1020304030301
102030200 1002003002101
123454320 1004006004001
10000200001 12102420221
1002000 102030201
121 1232346432421
1234321 1024348434301
1002000 1003004503001
4008003 1000002000002
12102420120 40000800004
103045301 121242221
13481 1234567654421
402085204 1020304030201
12321 1002001
10000199901 4004009004005
12102420021 1022325232301
1001901 12345654322
100020000 1212225222221
1002003002000 1022325232201
12320 4008004
52014003 4004009004005
42874 125686621
10101 26173227162
112651261 40000800004
104060301 122348221
12321 27722
5343 102030201
2621163 5202145202
12320 101025101
10201 1234421
1004006004001 1234567654421
4008003 122348221
12345654320 1211124711121
4 1023336833201
14541 1004006004001
12102420120 1234567654421
404090404 40000800104
484 1211124711121
1234320 402085204
124570421 1021314631201
1021314631201 1214428244122
5343 10221412202
4 40000800104
125686521 1004006004002
400080004 12102420122
400079904 12102420122
1004006003901 1234567654321
103045301 1004006004001
262883263 12224037221
14640 45044
14640 1234567654321
10200 10221412201
10101 1233457043321
14641 10000200002
1012155017101 4000008000104
11261 1211124711121
483 4004009004005
125686520 1000002000002
44944 12345654421
10000200000 1022325232301
262883263 10221412301
1001901 122348221
123454320 1004006004002
103045301 104060401
44944 1212225222121
102030201 1020304030301
123454221 1233457043321
10101 1020304030201
8 123454421
11261 125686621
400079904 10221412201
4008003 123454421
52014003 262883262
121242021 1000002000101
2621163 40000800005
1004006004000 1022325232201
523473 104060501
404090304 1023336833201
122348221 404090504
104060401 12102420121
124570421 1210024200121
112651261 125686522
1234321 4000008000005
1234221 4008004
12345654320 1234567654322
10221412200 1233457043321
1002001 2617287827162
14541 121242121
12221 400080005
121 1210024200221
103045301 1210024200122
8 100020001
44943 1233457043321
4008003 1001002501001
12345654221 1024348434202
1001901 10221412202
14640 5202145202
14640 27722
12320 123454321
11261 1234567654322
27723 4004009004104
14541 400080004
3 12345654321
12102420120 12345654322
10221412200 1223387338221
2621163 4004009004005
12345654321 1020304030201
10221412101 1004006004001
40000800004 1210024200221
10201 1000002000101
483 10000200002
2621163 104060402
44943 4004009004004
3 11261
11261 1022325232202
1020304030101 1022325232301
12320 100020001
4 1000002000001
102030200 125686621
10000200000 4000008000104
10101 5202145202
9 520001400002
1210024200120 1233457043321
1002003001901 1004006004101
484 1012155017101
40803 1234567654322
404090404 1210024200121
1214428244021 1232346432322
1004006003901 1024348434202
123454221 1002003002001
1002000 125686522
1020304030101 1020304030201
65 1012155017101
7 485
2621163 10110806101
12221 1002003002002
2621163 112651261
10101 121242122
1118161 11161916161
123454320 1234567654322
4 10301
520001400003 1117186317161
102030101 1233457043321
1000002000000 4000008000004
9 1214428244121
484 1214428244121
121 1000002000101
1118161 12224037221
5343 1021314631201
4007904 123454322
10201 44945
404090403 40000800104
102030200 1024348434201
102030200 1117186317161
5202145203 1004006004101
12320 26173227162
1002000 10000200101
104060301 4000008000005
1212225222021 4002008502004
5343 1234321
1001901 2621162
11261 1004006004002
27723 1214428244121
9 1234421
100020000 102030201
10221412101 1232346432322
112651261 1021314631201
400080004 4002008502004
100020000 123454321
404090404 1232346432322
1023336833201 1024348434202
12102420120 1233457043321
12345654221 40000800104
1232346432320 1232346432421
1023336833201 1212225222121
13481 404090405
65 1210024200122
1214428244120 1223387338221
12321 40000800005
14541 125686522
520001400003 1000002000002
303 10301
40804 101025101
125686421 10221412301
483 14641
1000001999901 1012155017101
120 102030202
3 523472
10221412201 1020304030202
52014003 1214428244122
121 1022325232201
384 584
404090304 1022325232301
40804 1020304030301
10101 520001400002
1234320 11161916161
13481 1002002
104060400 12102420122
40803 2617287827162
104060301 404090405
11161916161 1002003002101
484 40904
12321 2617287827162
44944 4008004
12221 100020002
404090404 1002003002002
1024348434101 4004009004005
112651261 123454321
9 10221412202
125686520 1023336833201
40704 125686521
4 122348221
1234221 1003004503001
12102420120 1020304030202
14641 100020002
103045301 1004006004101
52014003 123454321
102030200 1211124711121
1234321 4004009004104
1 14642
125686421 4000008000104
4 520001400002
400079904 1000002000101
384 104060501
100020000 1004006004001
21 100020001
40704 12345654322
14541 27722
3 13481
40704 40804
44844 1212225222121
1 12102420122
484 1234321
7 12421
384 2621162
40804 104060501
26173227163 1000002000001
100020001 102030201
12320 12345654322
27723 102030301
100020001 121242221
5343 4000008000005
102030200 1022325232201
1 4004009004005
123454321 1213326733121
21 402085204
1021314631201 1024348434202
125686421 1232346432421
1234221 4004009004005
1004006003901 1020304030201
121242120 12102420221
125686421 262883262
1234221 12345654322
1012155017101 1214428244122
100020000 12102420121
10000200001 1004006004101
1022325232201 4000008000004
44943 40000800104
44943 44944
3 12345654421
4008003 125686521
483 1000002000101
1118161 1022325232301
1002003002000 1211124711121
1214428244021 1214428244221
44944 121242122
4007904 1002003002101
5343 4008005
523473 1020304030201
14641 40000800004
12221 1001002501001
11261 520001400002
40000800003 1004006004002
262883263 1210024200221
1 6
52014003 121242221
8 1213326733121
44944 1234322
1212225222120 4000008000005
4008004 1020304030301
8 11261
1002001 1024348434301
1020304030101 1020304030301
10000199901 1004006004002
40804 12345654321
112651261 4000008000104
1022325232101 1117186317161
1234321 1234322
1234221 104060501
1002000 100020002
26173227163 4000008000005
484 123454421
1002000 4004009004005
4008004 1214428244121
10221412201 1001002501001
1118161 1223387338221
10101 400080004
13481 12102420221
125686520 400080005
1234321 1012155017101
10000200001 52002004502002
523473 100020002
1001901 1234567654421
2621163 400080005
4007904 103045301
120 400080004
102030200 1000002000002
40704 1214428244122
12221 1000002000101
27723 11161916161
400080003 26173227162
104060301 1004006004101
1001002501001 1021314631201
2621163 102030201
14640 1214428244121
125686421 5202145202
11261 1234421
40704 4000008000104
100019901 1234567654322
1234321 123454321
1020304030201 1022325232202
44943 10221412201
483 104060501
122348221 404090405
1002001 1213326733121
102030201 103045301
42874 44945
523473 104060401
125686520 1020304030201
44844 102030202
8 1004006004002
104060301 10000200101
102030201 12102420122
42874 44944
12224037221 1020304030301
1001901 1002001
26173227163 40000800004
10101 1020304030202
44944 26173227162
125686520 5202145202
5343 1004006004002
122348221 12345654321
520001400003 4002008502004
12102420121 1214428244221
384 1214428244122
121242021 1024348434202
384 123454321
1002003001901 1232346432421
103045301 4000008000005
2621163 1001002501001
1234321 4004009004005
1210024200120 4004009004004
121 12322
400079904 1232346432421
65 100020002
125686521 4004009004004
125686421 1210024200121
9 27722
1002003002001 1023336833201
1210024200120 1212225222122
10110806101 4000008000004
40804 104060401
102030101 1020304030202
5343 1211124711121
120 1002001
104060400 1024348434201
104060400 1212225222121
42874 1117186317161
124570421 1234567654421
12102420121 52002004502002
12345654321 1020304030301
10200 40804
44844 121242122
10201 12321
101025101 1232346432321
102030201 1024348434202
1022325232200 1023336833201
520001400003 1022325232201
1210024200120 1212225222221
520001400003 1004006004002
104060401 125686522
40000799904 1210024200122
123454221 404090504
1234320 10000200002
44844 1118161
65 102030202
40704 102030201
104060400 123454322
124570421 1012155017101
121242120 1002003002002
10101 1223387338221
1232346432320 4004009004005
124570421 1232346432321
12102420120 1232346432421
104060400 400080004
42874 404090404
7 1000002000002
12345654221 1214428244221
10221412101 1003004503001
2621163 121242122
14541 1212225222122
1 10301
4007904 404090405
12221 42874
120 1214428244221
10101 1000002000001
42874 1214428244122
8 1022325232301
5202145203 1024348434301
40804 1002003002001
8 121242121
12224037221 1214428244121
40804 4008104
102030200 125686521
402085204 1214428244122
5202145203 1234567654322
14541 1002001
384 1210024200122
1118161 1000002000101
523473 121242221
303 4004009004104
65 5342
4 121242122
1020304030200 2617287827162
12221 1002001
10000200001 2617287827162
1 1232346432421
8 1212225222122
1212225222021 1234567654321
1001901 1210024200221
384 1002003002001
7 44944
9 400080004
404090304 1232346432322
1234320 1000002000002
14641 2621162
523473 1234421
123454321 1022325232202
26173227163 1020304030301
102030201 40000800104
10101 12321
123454320 10000200002
484 10000200101
9 1210024200121
12345654321 1002003002001
1 1002003002001
10200 1021314631201
9 12322
1213326733121 1223387338221
400079904 1214428244221
1234567654321 4000008000005
11261 112651261
5343 4008004
484 404090405
400080003 1212225222121
104060400 123454321
404090403 1234567654322
11261 1020304030301
523473 100020101
65 1213326733121
483 100020001
102030101 104060401
40704 40904
125686520 2617287827162
121 121242122
121 14641
44943 12345654421
483 1234567654321
27723 44945
303 1214428244121
1021314631201 4004009004005
1004006003901 1117186317161
4 4000008000004
262883263 2617287827162
104060301 4004009004104
14541 52014002
523473 102030202
40803 10000200101
1002000 4008005
1024348434101 1212225222221
12320 102030202
9 102030301
11261 121242122
9 100020101
14640 100020101
104060400 11161916161
112651261 1024348434201
1210024200120 4004009004104
27723 104060401
121242021 1213326733121
14640 1003004503001
12102420021 4000008000004
21 4008005
10221412201 11161916161
404090404 12345654321
44943 1023336833201
1118161 10221412301
1234321 4000008000104
262883263 400080004
12102420120 1212225222221
1 262883262
100019901 404090404
121242021 1000002000002
1 4008005
10221412201 1213326733121
7 1214428244121
1022325232200 1024348434301
1022325232200 1223387338221
65 14741
102030201 12345654322
1002003002001 1024348434301
1001901 1012155017101
1001901 103045301
384 1000002000002
14541 1117186317161
104060401 1012155017101
102030201 1212225222121
400080003 1213326733121
123454321 1002003002002
1212225222021 4000008000104
12221 52002004502002
7 44945
484 12345654322
14541 1223387338221
40000800003 1020304030202
21 1004006004101
483 103045301
4008003 125686621
124570421 10221412301
1020304030201 1212225222221
11261 1212225222121
402085204 1212225222221
120 10110806101
5202145203 12224037221
303 1232346432322
10110806101 12102420122
1022325232200 1212225222221
484 1004006004001
104060301 1002003002002
4 221
400080003 1212225222122
100019901 4004009004004
40000800003 2617287827162
14641 12102420221
123454320 125686521
1024348434201 1232346432321
12321 1004006004001
1214428244021 1234567654321
262883263 1117186317161
44844 1020304030201
5343 402085204
44944 1002001
4 125686621
10200 12421
112651261 1022325232201
4008004 100020001
42874 1214428244221
404090404 1223387338221
1234321 1223387338221
400079904 1210024200221
1 1023336833201
1002001 26173227162
125686521 1234567654321
52014003 125686621
400080004 1210024200122
122348221 40000800104
3 123454321
14640 402085204
1213326733121 1234567654421
402085204 1002003002101
1234221 1002003002101
10200 10110806101
44943 400080005
1004006003901 1021314631201
1234321 402085204
44944 1233457043321
10101 10000200101
26173227163 4004009004005
12320 44944
27723 1234421
11261 12421
1213326733121 1214428244121
120 112651261
1002000 1232346432322
1 1021314631201
14641 1210024200121
1234321 1021314631201
102030101 12345654421
14640 1214428244122
10201 52014002
21 400080004
1212225222121 1212225222121
123454221 40000800104
104060401 1234567654321
1118161 102030301
1002001 10221412202
123454321 1214428244122
10110806101 1003004503001
1002003001901 1212225222122
1002001 1234567654322
12345654321 1214428244221
4008003 400080005
1004006004000 1210024200121
484 123454322
4007904 1232346432322
10000199901 1232346432322
12221 40000800004
2621163 104060401
44944 1000002000001
104060400 122348221
125686421 1000002000002
8 10000200101
12102420120 4002008502004
404090404 1234567654321
12345654320 1020304030202
400079904 26173227162
1118161 52002004502002
14541 100020001
404090304 10110806101
124570421 1234567654322
400080004 4004009004005
1234567654320 1234567654321
125686521 1212225222221
26173227163 1004006004101
5343 2621162
100020000 404090405
125686421 125686621
1022325232101 2617287827162
8 10201
65 404090504
12224037221 1012155017101
4008003 1023336833201
1234321 4002008502004
10200 12224037221
65 1000002000101
4007904 10000200001
5343 1214428244121
65 112651261
1118161 4008005
13481 1214428244121
104060401 10221412201
7 121242221
12224037221 2617287827162
1001901 1020304030301
1022325232200 1234567654322
10201 12421
121242120 10000200002
4000007999904 4004009004005
7 1024348434201
1002000 1024348434202
14541 1234322
44943 10110806101
40803 1002002
9 1232346432322
40000800003 1020304030201
40803 102030201
1000002000001 1232346432322
303 1234567654322
44844 12102420122
4008003 1214428244221
1 10000200002
12221 1004006004002
27723 402085204
21 1004006004001
1002003002001 1004006004002
14541 40805
12345654321 1233457043321
10201 1234567654322
101025101 1213326733121
1002003002000 1024348434202
13481 104060401
1022325232200 1210024200121
1022325232201 1214428244221
102030200 12102420122
40804 1223387338221
262883263 4004009004004
1024348434201 1117186317161
104060401 124570421
102030200 400080004
44943 12345654321
100019901 1214428244122
10221412200 1117186317161
1118161 2617287827162
14541 1004006004101
1021314631201 1024348434301
3 1233457043321
121242021 10000200101
104060401 40000800104
303 1022325232202
104060401 1232346432421
303 1004006004002
1021314631201 1234567654321
483 484
26173227163 1024348434301
12321 520001400002
1002003001901 1024348434201
100020000 1232346432322
1118161 1002003002001
10101 1214428244121
11161916161 4004009004004
12345654321 1212225222221
120 1024348434301
404090403 1022325232202
1233457043321 1234567654321
1234320 1234567654421
27723 4004009004004
101025101 123454421
40804 1234322
65 121242122
27723 1023336833201
44844 122348221
121 1211124711121
40804 1232346432421
3 1021314631201
27723 1002003002002
4007904 1232346432421
4 103045301
123454320 124570421
10201 121242221
10200 1024348434201
400079904 1024348434301
13481 1020304030201
104060401 40000800004
122348221 4004009004104
10000200000 1212225222122
262883263 1024348434301
4008004 1232346432322
13481 12102420122
40704 5202145202
125686520 1004006004002
121242021 1211124711121
520001400003 1023336833201
1020304030201 1234567654421
14641 1004006004101
1 125686621
52014003 4004009004104
12224037221 1022325232201
10000200000 1234567654322
3 485
14641 1233457043321
13481 121242221
120 40904
14641 4008005
10000200001 1210024200221
1 10221412301
104060400 1000002000002
384 10202
21 523472
7 1020304030202
12221 1118161
123454320 1210024200122
4008004 52014002
1004006004001 1024348434301
27723 1232346432321
100020000 1020304030301
3 404090405
12320 1232346432322
10201 121242121
4 584
523473 1002101
14640 1001002501001
303 11161916161
40000800004 40000800004
4008003 100020101
125686520 1004006004001
1020304030200 1223387338221
12320 1020304030301
1002000 4000008000004
21 12322
4008004 102030201
121242120 1020304030202
1004006004001 4004009004005
3 1232346432322
1003004503001 52002004502002
484 1233457043321
27723 1000002000101
402085204 12224037221
13481 40804
10000199901 10221412301
1024348434201 1212225222122
10101 1024348434301
1004006004000 1004006004002
1020304030101 4000008000104
125686421 1117186317161
102030200 400080005
1002003002001 1024348434201
112651261 10221412301
400080003 1232346432421
7 1002003002101
1211124711121 1213326733121
1234320 1234322
1002000 1000002000001
10101 1021314631201
1234321 12102420121
100020000 125686621
1214428244120 4002008502004
1 12322
10110806101 1234567654322
402085204 5202145202
42874 523472
12224037221 1223387338221
12102420120 1012155017101
40804 52002004502002
112651261 4004009004104
523473 1214428244221
402085204 1213326733121
102030201 102030201
1 1004006004001
1004006004001 4004009004104
1234221 1001002501001
1000001999901 1020304030201
1212225222120 1214428244121
4007904 10221412301
44943 1002002
125686520 1012155017101
40704 1004006004001
10200 1003004503001
10101 12345654421
1118161 10000200002
1210024200121 1233457043321
9 1002003002002
40803 1002001
8 1234567654421
1234320 10110806101
123454221 125686521
12221 14741
1003004503001 1234567654421
120 1002003002001
1021314631201 1214428244121
12320 42874
1234321 121242121
4000008000003 4004009004104
102030201 121242221
404090304 12224037221
125686520 40000800104
14640 1214428244221
1 1234421
384 40804
12221 12102420122
44943 26173227162
1024348434200 1210024200122
1022325232200 1210024200122
1212225222121 4000008000005
121 1024348434201
303 10221412301
40704 10000200002
1023336833201 1232346432322
4000008000004 52002004502002
10110806101 1214428244122
40804 4000008000104
40803 12102420121
10000199901 1022325232201
10101 27722
44844 112651261
103045301 1232346432322
4008003 10110806101
40000800004 1022325232201
42874 1022325232202
4008004 1020304030202
10200 1000002000001
120 121242121
483 40000800005
404090403 1020304030301
1210024200120 4004009004005
11261 1210024200122
1118161 100020101
14641 404090405
65 1214428244221
12102420121 1004006004101
103045301 1000002000001
42874 1234567654321
14640 1022325232201
121242120 1212225222121
12345654320 1022325232202
1118161 4008104
12320 104060402
12345654321 1004006004001
123454321 1024348434202
100020000 4000008000104
52014003 125686522
5202145203 1214428244121
121 12102420122
100020001 1212225222221
124570421 10221412201
483 1211124711121
5343 10000200002
1002003002001 1211124711121
1000002000000 1117186317161
102030201 10000200101
121 1214428244122
42874 104060401
5343 26173227162
1210024200021 1211124711121
100019901 402085204
10000200000 10221412301
484 1003004503001
520001400003 1214428244121
4008003 103045301
100019901 1210024200121
12345654321 4000008000104
12221 12224037221
10201 404090404
1002001 121242221
1118161 123454321
523473 10221412201
3 121242221
10221412201 1234567654321
303 10000200101
4007904 40000800005
400079904 5202145202
4 4008104
125686520 12102420121
10000200001 12102420121
14541 1020304030301
5343 1002001
125686520 10221412201
102030101 102030301
8 125686621
65 1020304030201
400080004 1232346432322
44943 1212225222122
4007904 1214428244121
112651261 40000800005
10221412101 12102420121
1012155017101 1020304030201
1 1002003002002
120 27722
12345654221 4004009004004
12345654321 1012155017101
124570421 125686521
101025101 1020304030301
483 4000008000004
13481 11161916161
121242121 1212225222121
1022325232200 4002008502004
402085204 12102420121
1212225222021 2617287827162
12345654320 1001002501001
9 4000008000104
121242121 10221412301
10201 10201
40000799904 52002004502002
27723 4002008502004
100020001 1024348434201
104060400 4004009004005
14641 4000008000004
8 100020002
10221412101 1210024200122
121242120 40000800005
483 12345654321
12345654221 1234567654421
483 12102420221
404090403 12345654421
10000199901 1002003002101
101025101 400080005
12321 1022325232201
123454321 40000800005
9 9
104060401 1004006004001
12321 12345654421
1022325232200 2617287827162
5343 1002003002002
10110806101 40000800005
1234320 100020101
4007904 4004009004004
10000200000 1234567654421
44943 4000008000004
102030201 4002008502004
262883263 1234567654321
121242121 121242121
1211124711121 1214428244122
4 100020101
14641 1211124711121
1118161 262883262
44943 1004006004001
1004006004001 4000008000104
123454320 123454321
11261 40000800104
12102420120 4004009004104
483 14642
123454221 400080005
121 14741
44844 10000200001
101025101 102030201
21 1223387338221
122348221 1002003002001
1002000 11161916161
12221 1022325232202
303 104060501
10000200000 1020304030202
40803 4000008000004
4 12102420221
1117186317161 1213326733121
7 1004006004001
102030200 1232346432421
121242120 1024348434201
42874 40000800005
3 122348221
104060400 1000002000101
8 1002001
102030200 1020304030301
26173227163 1001002501001
104060301 1210024200121
2621163 102030202
4008003 1004006004001
1022325232201 4000008000005
4008004 12345654421
1002001 1232346432322
483 4004009004004
9 10110806101
1001002501001 4004009004104
384 12102420122
12321 12102420221
1004006003901 1022325232301
5343 1234567654421
121242121 121242122
21 221
12345654221 1004006004001
1234320 1023336833201
404090403 1024348434301
4008003 1234567654322
40804 520001400002
8 4008104
1210024200121 1234567654322
400080003 404090504
12221 121242122
11261 2617287827162
42874 1214428244121
102030200 102030301
123454320 1001002501001
101025101 404090404
40804 26173227162
4008004 1212225222221
404090403 10000200001
12345654320 40000800004
120 103045301
12221 400080004
12102420121 1210024200122
14641 1214428244122
104060301 1233457043321
400080004 10000200001
1001901 12102420121
102030201 400080004
12102420021 40000800104
40804 10221412201
124570421 1000002000002
1002000 10000200002
2621163 404090405
100020000 1210024200122
121242021 1214428244221
120 520001400002
1212225222120 1212225222121
1001901 12224037221
1234320 12102420221
10201 102030202
10000200000 10000200101
100020001 2617287827162
11261 5202145202
102030101 1003004503001
1210024200121 1213326733121
12224037221 40000800005
44943 523472
402085204 1004006004001
10000200000 1012155017101
124570421 520001400002
1002003001901 1212225222121
1020304030101 4000008000004
1234320 1233457043321
5202145203 1212225222122
102030101 12102420221
1001002501001 1213326733121
1001901 12345654421
1002000 4002008502004
484 1118161
404090403 12345654322
1024348434201 4004009004104
400080003 10221412301
40000800003 1214428244122
122348221 4004009004005
1 10
4000008000005 100000000000000
1117186317161 1223387338221
124570421 52002004502002
10101 1022325232202
40804 1210024200121
125686421 1214428244221
44943 121242221
122348221 1210024200121
12224037221 4004009004005
103045301 1002003002002
1002001 10000200002
3 1002001
1234320 1234567654322
14641 45044
112651261 1022325232202
7 65
14541 1021314631201
10000199901 10221412202
2617287827163 4002008502004
1234320 52002004502002
9 1024348434301
4008003 12345654321
44943 52002004502002
104060301 404090504
12102420021 1022325232201
12221 124570421
1118161 4000008000004
1212225222021 1214428244122
5202145203 10000200001
10000200001 1020304030201
10221412200 12102420122
1212225222121 4000008000004
10000200001 1024348434201
303 1004006004101
12102420121 12345654322
1023336833201 1210024200122
4007904 12224037221
102030201 1020304030202
12345654221 1021314631201
121242121 1002003002002
100019901 123454322
12102420121 40000800005
404090403 1024348434202
100020000 400080005
1212225222021 1234567654421
400080003 1020304030201
123454221 1211124711121
484 100020001
1210024200120 4000008000005
404090304 1021314631201
12221 1004006004001
121242120 1002003002001
12345654320 4000008000104
10000200000 1023336833201
1000002000001 1233457043321
44944 1212225222122
40804 10000200001
121242021 4004009004104
102030201 1000002000001
5202145203 10110806101
484 121242121
123454320 40000800104
303 125686521
5343 10201
123454221 40000800004
104060400 1003004503001
2621163 1004006004001
4 10000200002
400080003 10110806101
10000200001 4000008000005
14640 1002003002002
125686521 1022325232202
1012155017101 4004009004005
44943 12224037221
122348221 1004006004001
121242121 1234567654322
2621163 26173227162
11261 1020304030202
4 400080004
40804 1214428244122
14640 4002008502004
100019901 12102420122
10221412201 4000008000004
123454320 1214428244221
12345654221 1024348434201
4007904 1022325232202
65 1002001
124570421 404090405
10200 1002003002101
1003004503001 1233457043321
125686421 125686521
1118161 1214428244121
27723 125686621
40000799904 1211124711121
404090403 4002008502004
5343 13481
12320 10000200001
65 1118161
4007904 40000800004
404090304 26173227162
523473 4000008000004
14640 1232346432322
1234221 10000200101
10000200000 1210024200121
124570421 12345654322
44844 12345654321
404090404 26173227162
1234321 400080004
1002003001901 1012155017101
7 1214428244122
1210024200121 1214428244221
10000199901 4004009004104
1 1002003002101
102030101 1023336833201
1022325232201 1234567654322
384 400080004
14640 1117186317161
14640 44945
27723 1000002000001
1002001 123454421
123454320 2617287827162
21 123454322
104060400 10221412201
484 1214428244122
4008004 400080005
100020001 103045301
102030101 40000800104
104060401 1000002000002
1020304030200 1020304030202
384 1210024200221
1211124711121 1212225222122
5202145203 1020304030201
40000799904 1210024200221
1002003002001 1022325232201
262883263 1212225222221
1234321 102030201
402085204 12102420221
100020001 125686521
400080004 1000002000002
3 402085204
1232346432321 1232346432321
12102420120 1212225222122
1022325232101 4004009004004
21 12345654322
3 123454421
1012155017101 1214428244221
125686520 1003004503001
1003004503001 1023336833201
121 4004009004005
1 1234567654322
384 10301
125686421 1233457043321
12345654321 40000800104
4 1022325232301
1 404090404
1001901 1024348434202
10200 1234321
121242121 404090504
42874 2617287827162
101025101 1234567654322
404090403 1021314631201
103045301 4004009004104
121 1223387338221
12102420120 1002003002001
123454320 40000800005
7 1003004503001
26173227163 1210024200121
1223387338221 1232346432322
12221 27722
100020000 1022325232201
121242021 1232346432321
42874 1024348434301
100020001 1000002000001
12321 10000200002
1021314631201 1210024200122
1002000 121242121
1118161 52014002
1 4004009004004
40804 1214428244121
8 52002004502002
65 402085204
1 125686521
404090403 2617287827162
125686521 1023336833201
1000002000001 1024348434301
8 1234421
10201 1214428244121
10221412200 1214428244121
1020304030201 1117186317161
10221412101 1023336833201
12224037221 4000008000104
9 1012155017101
21 122348221
1212225222021 4004009004104
1234320 12345654421
1002003002001 1212225222122
11161916161 40000800004
4008003 1117186317161
400079904 400080005
3 101025101
42874 123454421
10221412101 1210024200221
40803 1212225222122
400080003 10000200001
120 1223387338221
125686520 12102420221
12345654320 1020304030201
120 45044
44844 104060501
12320 102030201
1000001999901 1223387338221
4 1232346432321
121242021 1002003002002
40704 2621162
1001901 1022325232301
1020304030201 1234567654322
125686521 5202145202
10200 1001002501001
1000002000001 1012155017101
1002000 2621162
1234221 1232346432421
104060400 104060402
4008003 101025101
12221 1234322
