1001002501001 1002003002101
12221 44944
121 4000008000004
103045301 1020304030202
100019901 121242122
40000800004 1023336833201
123454320 400080005
4007904 1024348434201
483 125686621
10221412101 1223387338221
112651261 10110806101
112651261 121242221
384 404090405
404090403 1210024200122
21 44944
9 10000200001
125686520 400080004
40704 42874
12102420021 1003004503001
10000200000 10000200001
12102420121 12102420121
10101 12345654321
9 4004009004104
40803 10221412201
484 100020101
12345654221 1022325232301
1020304030101 1117186317161
101025101 1214428244221
125686421 1214428244121
14541 1232346432321
1223387338221 1234567654322
121242021 40000800005
10221412201 26173227162
4007904 1234567654321
52014003 100020101
11161916161 1214428244121
100019901 103045301
4007904 12102420221
10101 42874
21 1003004503001
125686521 1213326733121
5202145203 10000200101
100019901 1022325232301
1024348434200 1212225222221
10000200001 10000200101
384 12102420121
52014003 1022325232301
121 40000800005
404090404 12102420122
11161916161 1022325232301
100020001 12102420122
104060400 112651261
1234567654221 4000008000005
21 12421
1024348434101 1024348434202
5202145203 1212225222121
27723 12102420122
1021314631201 1212225222122
121 485
40000800004 1214428244122
7 584
65 14641
1211124711121 4004009004005
21 12345654421
120 1233457043321
21 10301
3 10
65 1212225222121
40000799904 4004009004104
124570421 1023336833201
104060401 123454421
523473 1234321
65 1234322
121 10000200101
21 10221412201
2621163 10000200002
10000200001 12224037221
104060400 4004009004004
402085204 1000002000101
12320 1022325232202
40704 1234567654322
40804 1234321
12321 1212225222122
12224037221 1232346432421
100020000 11161916161
4004009004004 4004009004004
65 1000002000002
1004006004000 4004009004004
404090403 1000002000002
14641 1000002000101
13481 1024348434301
1024348434201 1210024200122
104060301 400080104
100020001 100020101
484 112651261
120 1211124711121
1118161 1234567654421
1002001 125686621
1022325232200 1214428244221
1118161 10000200001
21 10202
4007904 102030202
21 112651261
112651261 1003004503001
112651261 1024348434301
52014003 11161916161
123454221 5202145202
122348221 125686621
125686421 1001002501001
1022325232200 1212225222121
14640 10000200002
52014003 1234567654421
3 1000002000001
100019901 121242121
122348221 1023336833201
14641 1002101
1002003001901 1214428244121
1 40805
7 10201
1212225222120 4004009004104
11261 4000008000104
1001901 121242122
42874 100020002
8 10202
1002001 1234421
10221412101 1022325232301
1234321 400080005
44944 1213326733121
7 42874
1 45044
1020304030200 4004009004005
102030101 1000002000001
484 14642
125686520 1022325232301
124570421 1022325232202
3 1024348434201
1002003001901 1003004503001
1000001999901 2617287827162
123454221 1210024200122
100020000 1000002000001
1 1020304030201
11261 1002003002101
124570421 1004006004001
12102420121 1024348434301
100020000 1213326733121
303 1020304030301
121242120 4004009004104
124570421 4004009004104
40804 11161916161
1223387338221 1232346432321
402085204 520001400002
4 12345654322
125686520 1212225222121
1234320 125686521
104060400 125686522
1024348434200 1213326733121
2621163 121242121
1212225222120 1214428244122
40704 1211124711121
121242120 400080104
40804 1002002
121 40904
121 1214428244221
483 45044
5343 10000200101
44943 1214428244122
1004006004000 4000008000005
4 14641
123454320 4004009004005
112651261 1002003002002
10221412200 1004006004001
4 2621162
10000200000 1232346432322
4007904 102030301
2621163 1214428244121
104060401 122348221
4007904 400080004
1001901 4008004
14640 40904
400079904 1022325232301
4008004 1234567654322
112651261 520001400002
125686521 262883262
1002001 40000800104
1234321 1214428244121
123454320 402085204
100019901 12345654321
1214428244120 4000008000005
40804 123454321
402085204 1001002501001
1213326733121 1232346432421
12224037221 1001002501001
1234567654320 1234567654421
402085204 2617287827162
125686521 1020304030301
1234320 121242221
1002003001901 1021314631201
40804 1024348434201
27723 10000200101
112651261 12345654421
124570421 1214428244121
40804 1000002000001
4008004 10000200002
14641 400080005
125686520 4000008000004
4000008000003 4000008000104
44943 4004009004104
27723 1210024200221
102030200 102030202
14641 1234567654421
1002001 102030202
100020001 1024348434301
12221 404090504
7 40804
121242121 125686522
4 1213326733121
27723 400080004
104060400 1000002000001
12320 14641
5343 40804
125686520 404090404
104060301 104060501
4 122
10110806101 1021314631201
402085204 10110806101
9 1002003002001
1 4
10201 100020001
102030200 1212225222121
123454221 40000800005
65 10202
1004006004001 1233457043321
1002000 1004006004001
40803 1212225222221
10201 112651261
1002001 2621162
12345654221 1004006004101
8 1117186317161
10000200000 26173227162
1001901 40000800005
303 1000002000002
1000001999901 1004006004002
12102420120 4004009004005
13481 10000200101
21 52014002
102030201 1234567654321
4008004 40000800005
1214428244021 1214428244121
40000800004 1000002000001
42874 11161916161
44943 101025101
52014003 4004009004004
4 1214428244121
5343 1234421
404090403 1022325232301
12221 102030201
121 523472
10101 123454322
4008003 52002004502002
14541 4000008000005
120 1117186317161
123454321 1002003002001
1234320 1000002000101
1002001 1210024200221
120 104060501
44844 1001002501001
121242021 262883262
402085204 40000800004
125686520 4000008000104
1210024200121 1212225222122
2621163 125686522
103045301 10221412202
3 4
125686520 4000008000005
303 102030202
10221412200 2617287827162
44943 1002101
10000200001 1022325232201
10221412101 40000800005
40804 1020304030202
104060400 4002008502004
1022325232101 1232346432421
44943 121242121
483 1021314631201
123454321 123454321
10221412200 1002003002101
4008003 404090404
5343 1232346432321
10221412200 1024348434201
12224037221 40000800004
21 121
4008004 1000002000101
384 1023336833201
400079904 1004006004101
7 123454322
14541 121242221
44944 123454421
404090304 10221412301
102030200 12224037221
123454221 1232346432321
11261 1214428244121
12102420021 1214428244221
44844 102030201
40704 262883262
484 1004006004002
40704 10000200101
12345654221 1233457043321
121242120 1214428244221
1232346432221 1232346432321
4 1021314631201
12345654320 12345654421
12321 52002004502002
484 12321
21 12102420221
10110806101 1024348434201
14541 523472
12345654321 1232346432322
40804 1212225222121
44844 1000002000101
14640 1118161
10000199901 10221412201
27723 1212225222221
102030201 1210024200122
10101 1214428244122
12224037221 12345654322
44944 520001400002
14640 404090405
1234320 1232346432421
303 104060402
4008004 1214428244221
120 404090504
102030200 104060501
303 27722
9 221
1 14741
10221412101 1024348434201
10000199901 10000200002
4008003 123454321
10000200001 10221412301
1024348434200 1024348434201
10201 1210024200121
1024348434101 1232346432421
10201 100020002
125686520 1117186317161
13481 14642
4 121
124570421 1000002000001
120 121242122
123454221 1004006004001
4007904 125686621
21 1020304030202
1234567654221 4000008000104
520001400003 1232346432321
4008004 10221412202
12320 44945
1212225222121 2617287827162
40000800004 1001002501001
42874 1212225222122
65 523472
1234221 100020001
121242121 121242221
26173227163 1003004503001
4 1004006004001
100020000 5202145202
121 1004006004001
10201 40805
12221 125686522
40803 123454322
7 121
10000200001 1004006004002
121242120 1212225222221
120 4008104
42874 10000200002
1002003002001 4000008000004
4 523472
384 523472
42874 10221412202
4 1002003002101
14640 1002003002101
12221 12345654321
121242121 12345654321
1020304030201 1214428244121
21 1023336833201
121242021 1210024200121
125686520 1004006004101
262883263 402085204
1000001999901 1024348434202
4 12321
103045301 1211124711121
1004006003901 1233457043321
100020001 1002003002001
40000800003 4004009004004
13481 1024348434201
121242121 123454321
10200 10202
9 1212225222221
1 1210024200121
10101 14741
400080004 12345654321
303 4000008000104
4007904 520001400002
27723 1002002
1000002000000 1214428244122
12221 523472
121242021 1023336833201
4007904 1213326733121
4007904 100020101
1022325232201 1232346432322
12321 1234322
121242121 10000200001
1118161 1024348434201
5343 520001400002
400080003 1024348434201
12221 10221412202
8 1003004503001
1001002501001 1232346432322
52014003 52002004502002
12102420121 12224037221
5202145203 40000800104
121 1002003002001
12224037221 1020304030202
21 42874
1 1001002501001
65 125686621
125686421 10221412201
14641 262883262
1 103045301
404090403 1000002000001
523473 1234567654321
121 4004009004104
12345654221 1020304030301
8 10110806101
40804 40804
5202145203 1024348434201
13481 1223387338221
100020000 1234567654421
101025101 1021314631201
404090404 4000008000005
1210024200121 4002008502004
4008003 12102420221
400080003 1232346432321
303 1234322
1000002000001 1212225222122
1 12321
4007904 1223387338221
102030201 10221412301
10000199901 4000008000005
1022325232101 4004009004005
404090403 404090405
124570421 1212225222221
1210024200120 1234567654321
10200 1118161
1021314631201 1212225222221
100020001 10110806101
40000800004 4004009004004
1000002000001 1232346432421
10201 262883262
10201 1004006004002
10000199901 1211124711121
4008004 10221412201
9 102030202
40704 1210024200221
1004006004001 1232346432322
10201 1117186317161
125686421 1004006004002
21 40804
100019901 1212225222122
11161916161 1210024200221
10110806101 1022325232301
121 584
14541 112651261
125686421 1212225222122
65 1211124711121
8 221
11161916161 1234567654421
122348221 12102420221
125686520 1210024200122
123454320 1212225222221
14641 14642
523473 12345654322
1001901 1001002501001
7 1002003002002
404090403 10000200101
4000008000004 4000008000004
10221412101 10221412202
10200 12322
8 10000200002
14640 1234421
12102420121 1000002000001
1023336833201 1232346432321
120 1234421
1022325232200 1022325232301
523473 1234322
520001400003 1214428244221
104060401 1022325232301
2621163 4004009004004
1002000 1002003002101
121242121 40000800104
1002003001901 1022325232202
4000008000004 4000008000005
40803 103045301
120 1024348434201
100020000 123454421
14640 40000800004
1000002000000 1232346432421
1118161 4004009004004
10110806101 1024348434202
120 125686521
42874 125686521
9 485
14641 404090404
520001400003 2617287827162
1117186317161 4004009004104
400079904 1020304030301
27723 1210024200121
1234321 1022325232201
10200 10201
40704 1117186317161
1003004503001 4002008502004
12320 404090504
1002001 1020304030201
7 104060501
103045301 4004009004004
7 1232346432321
40704 1020304030201
384 1004006004002
100020001 12345654322
10101 10201
11161916161 4000008000004
125686421 40000800005
102030101 12102420121
7 302
12221 1012155017101
100020001 125686621
1234221 1232346432322
27723 4008005
120 101025101
5202145203 1210024200121
1210024200120 1234567654322
4008003 1223387338221
122348221 4002008502004
1001901 1234421
121242021 404090405
14541 44944
27723 1234567654322
12102420021 26173227162
1 104060401
10201 1210024200221
400079904 1002003002001
121242120 1001002501001
14640 125686522
44944 5202145202
44844 1003004503001
10200 26173227162
384 14741
4007904 1212225222122
104060401 1000002000101
12320 1234567654421
402085204 404090405
44944 52002004502002
100020000 1004006004101
5343 14741
1234321 104060401
1002001 4000008000104
27723 12345654321
21 1022325232201
40804 400080005
4000007999904 4000008000005
2621163 1234567654322
14541 123454421
122348221 1214428244221
11261 1214428244221
124570421 40000800104
1234221 400080005
1117186317161 1212225222121
12221 13481
10000200000 4004009004004
100020001 1117186317161
1001901 121242221
12102420120 1001002501001
120 1022325232301
10221412101 1234567654421
125686520 10000200002
40704 1234567654421
13481 1212225222221
10000199901 1002003002002
520001400003 1024348434301
40803 26173227162
40803 42874
121242121 1001002501001
404090304 1022325232202
121242021 1232346432421
112651261 262883262
10201 1023336833201
44944 1021314631201
14541 1002002
400080004 40000800104
100020000 1233457043321
1000001999901 1212225222221
40000800004 1232346432421
102030200 1214428244221
101025101 10110806101
122348221 1001002501001
484 1232346432421
1214428244120 1232346432321
101025101 52002004502002
402085204 1002003002002
8 1002003002101
10221412101 1012155017101
7 40904
1004006003901 1211124711121
1000002000001 1000002000002
11161916161 1214428244122
65 12224037221
5343 4008104
484 4004009004104
14641 1024348434202
384 1012155017101
262883263 1000002000002
1000002000001 1000002000101
13481 1004006004101
1002003002001 1232346432421
404090403 52002004502002
104060401 262883262
484 10301
10101 44944
7 2621162
40803 5202145202
125686421 1234567654322
40000800004 1002003002101
10200 104060402
10200 12345654421
65 400080004
100019901 1223387338221
10221412101 12102420122
10221412101 1211124711121
13481 1020304030202
124570421 1211124711121
1022325232101 1024348434301
1000002000001 1212225222221
102030200 121242122
122348221 1024348434301
1001901 123454321
100019901 400080004
44844 12224037221
10201 40904
3 1000002000002
1004006004000 1234567654321
102030200 1210024200122
1000002000001 1234567654321
483 10000200101
7 404090404
5343 1023336833201
40804 1024348434301
10101 1210024200122
101025101 4002008502004
40803 1214428244122
10000200000 1002003002002
1020304030200 1232346432321
1118161 125686621
103045301 1020304030201
10221412201 12102420121
10110806101 12345654322
100020000 4004009004005
40000800003 1000002000002
42874 104060402
44844 103045301
9 1003004503001
404090404 4004009004005
11261 4004009004005
4 6
120 1000002000002
1118161 1234321
1001901 1002003002001
13481 14741
100020000 40000800104
12321 1234321
44943 44945
14641 1212225222122
1210024200120 1232346432322
10221412101 4004009004104
523473 10221412301
400080003 1210024200122
10000200001 1024348434202
12102420021 12102420121
1001002501001 4000008000004
404090404 1234567654421
402085204 40000800104
12320 4002008502004
12345654221 1211124711121
40000799904 1117186317161
44943 10000200002
9 1234567654421
8 1012155017101
40000799904 1234567654322
4004009003904 4004009004004
400079904 1233457043321
4004009004003 4004009004005
523473 1012155017101
120 12421
121242121 1211124711121
404090403 4004009004005
40804 1210024200122
9 2617287827162
123454320 1002003002101
40804 1004006004001
5343 1002003002101
44844 125686522
11161916161 1020304030202
13481 1021314631201
123454320 404090405
400080004 5202145202
100020000 404090404
10101 4000008000005
14541 4000008000004
65 121242221
11261 1232346432321
12345654321 1004006004002
262883263 1004006004002
12345654320 1021314631201
12321 12345654321
102030101 112651261
303 404090404
11161916161 1210024200121
11261 12345654322
5202145203 1012155017101
102030201 124570421
1118161 2621162
102030101 26173227162
5202145203 1021314631201
52014003 1210024200221
4000008000003 4002008502004
483 1024348434301
12321 102030301
121 123454421
303 1024348434301
1002000 104060501
125686520 1024348434201
121242121 520001400002
1234320 104060401
10200 121242221
40804 102030202
11261 2621162
484 52014002
4 44944
1117186317161 4000008000004
1002003001901 4000008000004
523473 1002001
7 124570421
400080004 4000008000005
1004006004001 1212225222122
400080004 1210024200121
9 65
400080004 402085204
102030200 40000800104
402085204 1020304030202
10221412101 12102420221
1002003002000 1024348434301
11161916161 1232346432421
103045301 4000008000004
1234221 1212225222221
44844 4008004
13481 1002101
42874 400080005
262883263 1004006004001
523473 125686521
4008003 1233457043321
404090404 10000200002
5343 40000800104
1212225222121 1223387338221
4 9
40804 1022325232202
12221 104060402
484 1020304030301
120 1012155017101
121242021 12345654321
10000199901 1214428244121
12221 123454321
121 124570421
1002000 102030301
123454321 1223387338221
1 121
1000001999901 4004009004005
10000200001 10000200001
40704 404090404
5343 1020304030301
12102420121 4004009004005
123454321 12102420221
1002003002001 1003004503001
12221 40000800104
1210024200021 1210024200121
21 4008104
100020001 4002008502004
11261 12102420221
123454321 4002008502004
65 1004006004101
1001002501001 1210024200221
10101 1004006004101
8 1001002501001
52014003 1210024200121
9 121242122
1000001999901 4004009004004
65 10000200101
12321 12321
1232346432221 1232346432322
10101 104060401
14640 1004006004001
4008003 100020002
3 52014002
104060400 1214428244221
21 1022325232202
1002003002001 1004006004101
404090304 1020304030201
120 1001002501001
104060400 1233457043321
400080003 1000002000101
1117186317161 4004009004004
21 1020304030201
12224037221 1002003002001
1002000 1002001
44944 10221412201
102030200 12345654421
1024348434200 1214428244121
1002001 1002001
40803 1233457043321
1002000 12224037221
1232346432320 1234567654322
1024348434201 1024348434301
104060301 123454321
123454320 1234567654321
112651261 1212225222122
10110806101 4004009004004
12102420021 1212225222121
1234321 1210024200121
404090304 1212225222221
14541 520001400002
52014003 1024348434201
120 1000002000101
4008003 1002003002002
101025101 12345654322
1118161 4000008000104
7 1022325232202
12224037221 1234567654421
121242121 1232346432321
40704 100020002
65 262883262
483 485
12345654321 1210024200122
1 4008004
484 40805
303 1234321
14541 125686621
14640 1002003002001
400080003 1020304030301
65 10301
104060401 1024348434301
100019901 1020304030202
1023336833201 1024348434301
10221412200 10221412301
12320 1210024200121
10000200000 12345654321
125686521 1234567654421
303 4002008502004
303 1117186317161
1234567654320 4000008000005
100020000 121242221
8 400080005
102030200 123454421
44943 400080104
40804 123454322
120 1210024200122
12345654320 1234567654421
121 1022325232202
102030101 4000008000104
1023336833201 1234567654322
10000200001 10110806101
100020001 102030202
44944 4004009004104
12321 1020304030301
1234320 122348221
1002001 4008104
1002003002001 1022325232301
1 40904
40704 1004006004101
1002000 1223387338221
10201 1214428244122
52014003 1232346432421
122348221 10221412201
1 40000800005
523473 1000002000101
14641 1234567654322
1232346432321 52002004502002
1117186317161 1210024200122
303 4008004
123454321 1001002501001
42874 121242221
27723 10110806101
12102420121 12345654321
100019901 104060402
10000199901 1210024200122
1002003002000 1004006004002
120 4000008000004
1001901 40000800004
384 125686621
40000800004 1212225222121
44944 523472
65 123454321
27723 102030202
1 1022325232301
100020001 4000008000005
102030101 1020304030301
14641 12345654421
121 1234321
1002003002000 1004006004001
303 121242121
7 1214428244221
523473 40000800005
2621163 100020002
10200 1024348434301
44944 102030202
1002000 1020304030201
12320 1234321
10101 1000002000002
4008003 1212225222221
125686521 10221412301
523473 4004009004005
4 101025101
40804 1118161
9 112651261
120 4004009004004
483 100020002
121242121 1210024200121
1002003001901 1214428244122
1234321 1214428244122
400080003 404090405
104060401 1234567654421
5343 4004009004005
400079904 1022325232202
120 400080005
101025101 104060401
404090403 1020304030201
120 104060401
10101 11261
404090404 10000200101
112651261 4000008000005
14541 1024348434201
14640 14642
4008003 102030301
4000007999904 4000008000104
1234221 4000008000104
10000200000 520001400002
44844 404090404
14541 10110806101
404090304 1212225222121
400080004 1020304030301
7 1020304030301
11261 1213326733121
1000001999901 1002003002001
123454221 1232346432322
1022325232101 1022325232201
12321 14642
1234221 104060401
404090304 10000200001
26173227163 520001400002
10200 1214428244122
121 1020304030201
484 1002001
12224037221 520001400002
100020001 104060402
100020001 10221412202
100019901 1210024200221
520001400003 1004006004001
52014003 1002003002101
52014003 102030301
125686421 10000200001
121242021 123454322
400079904 1024348434202
1212225222120 1212225222122
10201 404090405
65 12345654421
384 14642
65 1212225222221
4007904 102030201
12224037221 1004006004001
523473 4008004
4 123454322
44943 124570421
4 1024348434202
1 4000008000004
26173227163 1004006004001
120 44945
124570421 1214428244122
10000199901 1117186317161
121242021 404090504
10000199901 1001002501001
12345654321 1001002501001
125686521 400080104
7 40000800004
101025101 122348221
1020304030201 2617287827162
52014003 10221412201
1003004503001 1024348434201
1022325232200 1233457043321
303 584
44943 1223387338221
1001901 1020304030202
10101 1234567654421
1012155017101 4004009004104
1022325232101 1214428244122
120 40000800104
10101 1212225222122
1004006004001 1214428244121
14641 10221412202
9 40904
121242021 52002004502002
123454321 125686522
12321 123454322
1002000 5202145202
40000800003 1000002000101
404090304 1004006004002
21 1117186317161
102030201 122348221
1001002501001 1212225222221
8 1234567654322
10000200001 10000200002
1214428244121 1232346432322
520001400003 1012155017101
1 12102420121
2621163 1020304030301
10000200000 1024348434201
1232346432221 4004009004005
1001002501001 2617287827162
1002003002000 4002008502004
44844 1234567654421
1000002000001 4004009004005
4 1212225222122
8 14642
13481 10000200002
120 121242221
12345654321 1003004503001
123454221 123454322
523473 404090405
2621163 4008004
1023336833201 1214428244121
3 104060501
4007904 1022325232301
104060401 112651261
1234321 12224037221
65 1234567654322
400079904 1211124711121
10200 102030201
10200 123454321
1001901 404090405
100019901 12102420221
404090304 1000002000001
4007904 12345654421
12221 4008104
520001400003 1232346432322
12320 52002004502002
11261 4008005
102030201 10000200002
5343 1004006004101
10201 1021314631201
112651261 1214428244121
102030101 1210024200122
13481 52014002
4008004 1117186317161
103045301 1023336833201
40804 12102420121
14640 10221412301
1021314631201 1213326733121
121 1232346432321
123454221 1212225222221
1003004503001 1232346432322
103045301 262883262
40000800003 1002003002001
44844 4004009004104
1021314631201 1232346432421
44944 12102420121
1004006004000 1004006004101
121 484
9 10201
1002003002001 1024348434202
123454321 1020304030201
40000799904 1024348434202
1234320 1002003002001
13481 1233457043321
5343 1214428244221
1234221 1212225222121
10000199901 52002004502002
21 584
1234320 1212225222121
1232346432320 1232346432321
1002001 402085204
121242120 1021314631201
1021314631201 1214428244221
14541 262883262
123454321 1023336833201
402085204 4004009004104
400079904 1223387338221
103045301 104060501
125686421 1210024200221
3 2621162
101025101 103045301
103045301 12345654421
8 1214428244221
125686421 40000800104
21 1020304030301
65 4000008000004
100019901 1211124711121
11261 4004009004004
10221412101 52002004502002
483 404090405
5343 10221412301
400080004 1234567654421
1210024200021 1234567654421
483 40805
4008004 100020002
125686520 1232346432322
12320 1214428244221
1001002501001 1210024200122
120 123454322
4008004 1023336833201
101025101 123454321
523473 1024348434301
1020304030101 1022325232202
121 1210024200121
2621163 1212225222221
5343 112651261
1 100000000000000
100020000 10221412202
101025101 1002003002001
44944 123454321
44943 1000002000001
400080003 12102420121
8 1024348434301
523473 12345654321
14640 262883262
12345654320 1000002000101
10000200000 40000800005
483 10221412301
112651261 1023336833201
3 44945
303 1223387338221
1002003002001 1012155017101
9 104060402
40803 1000002000001
11261 404090404
27723 4004009004005
384 27722
123454320 1003004503001
102030101 10000200101
1004006004000 1117186317161
44844 1117186317161
21 1002003002101
103045301 4002008502004
65 4008104
121242121 11161916161
3 484
1000001999901 1214428244121
384 4000008000104
103045301 1022325232201
1022325232101 52002004502002
121242121 4002008502004
10201 104060501
12102420120 1000002000002
40804 124570421
1012155017101 2617287827162
40000800003 1022325232301
40000800004 1000002000101
10221412200 1232346432322
12321 123454421
1022325232101 1213326733121
121242021 12102420221
104060301 1002003002101
125686520 4004009004004
12321 44945
52014003 1212225222121
65 10000200001
10101 45044
12345654320 1232346432322
121 12224037221
125686520 4004009004005
121242121 40000800004
104060301 520001400002
52014003 1213326733121
100020001 404090405
7 10000200002
13481 1234567654322
10201 10221412201
10110806101 10221412202
1002001 1234567654321
404090404 4000008000104
102030201 1023336833201
14541 101025101
1 1000002000001
1 104
44844 1020304030202
12102420120 1223387338221
10101 1211124711121
1234321 1232346432321
40000800004 1004006004101
120 1020304030202
384 123454322
1004006004000 1020304030201
8 1002101
10221412101 1212225222221
1118161 101025101
44944 1118161
1001901 124570421
13481 400080004
40704 1024348434301
1211124711121 52002004502002
125686520 1000002000101
1012155017101 1020304030202
12221 101025101
10201 10000200101
10000200001 4000008000004
1003004503001 1214428244121
384 44944
120 1003004503001
1002001 1000002000001
400080004 1024348434201
14641 1002002
3 45044
1234221 125686621
125686521 12345654322
102030200 1214428244122
1004006003901 1223387338221
40000799904 1213326733121
10000200000 40000800104
102030200 4000008000005
1022325232101 1022325232301
4008004 104060402
14641 125686621
124570421 12102420221
12345654321 1212225222122
10221412200 1214428244221
11161916161 4002008502004
12102420120 26173227162
404090403 1210024200221
4007904 4002008502004
10200 112651261
1000002000001 1232346432321
14541 40000800104
1234221 1210024200122
102030201 1024348434301
7 1233457043321
400080003 400080104
4008004 1003004503001
65 11161916161
120 125686621
102030200 10000200002
26173227163 2617287827162
484 44944
262883263 10221412201
7 4008104
104060400 1022325232301
104060400 1020304030201
520001400003 1214428244122
10000199901 40000800004
100019901 2617287827162
40803 1214428244221
7 10301
14641 1004006004002
13481 102030202
12221 102030202
12320 1234421
102030201 123454321
12345654221 1214428244122
124570421 26173227162
1004006003901 1212225222121
10101 10202
1004006004000 4002008502004
1022325232201 1234567654421
3 1117186317161
40804 1022325232301
13481 101025101
1234321 121242221
40704 4004009004104
1001901 4004009004104
1000002000000 1212225222121
10200 52014002
1234321 1234567654322
112651261 1214428244122
1212225222021 1213326733121
42874 12102420121
1 221
40000799904 40000800104
1223387338221 2617287827162
27723 1004006004101
1234321 1002003002001
1000001999901 1020304030202
4007904 5202145202
10221412101 4002008502004
10101 1232346432421
400080003 1211124711121
9 10000200002
484 484
384 1004006004101
10200 102030202
121242021 10221412201
1000001999901 1214428244221
10101 10110806101
10110806101 1004006004101
102030201 1022325232201
13481 1012155017101
40804 262883262
3 10221412201
1117186317161 1234567654322
104060401 1020304030301
112651261 10221412201
1000002000000 1210024200221
101025101 1214428244121
1118161 123454322
12345654321 1023336833201
123454320 404090404
101025101 1012155017101
40803 12345654322
102030101 1024348434201
1002003001901 1234567654421
121242021 4000008000004
104060401 121242221
1002001 104060501
14641 10000200101
14641 1214428244121
123454321 1002003002101
9 124570421
125686521 1223387338221
10201 44944
44943 1210024200122
40803 1020304030201
40000800003 1024348434202
104060400 4000008000004
400079904 1020304030201
104060401 4004009004005
14640 1212225222121
520001400003 1022325232301
400080003 5202145202
1223387338221 4002008502004
27723 52014002
65 5202145202
1001901 1022325232201
9 1232346432421
121242121 4000008000104
1001002501001 1022325232301
10000200000 1002003002001
44943 1212225222221
404090304 12102420221
1001901 104060402
104060400 404090404
12345654321 1000002000002
1024348434201 4000008000005
10200 10000200101
303 400080004
1020304030101 52002004502002
103045301 1212225222221
1001901 1000002000101
1002000 400080004
1232346432321 1232346432322
122348221 1000002000101
10000200000 12102420122
125686520 400080104
1001901 1214428244221
10000199901 1004006004001
44844 402085204
1002000 1022325232301
123454320 125686522
1234321 10221412202
1000002000000 1234567654421
4008003 12102420121
11161916161 1023336833201
400080004 10000200101
44943 1214428244221
104060400 40000800104
112651261 1022325232301
112651261 1002003002101
1001901 400080104
2621163 1212225222121
3 9
42874 4008004
484 42874
14641 104060501
122348221 4000008000005
42874 52014002
103045301 12102420122
1214428244121 1214428244122
7 484
1021314631201 1022325232202
11261 4004009004104
121242120 1003004503001
4008004 1002003002101
3 584
1002003002000 4004009004104
1212225222121 1233457043321
1234320 40000800104
384 1234567654321
12321 42874
402085204 10221412201
1234567654221 2617287827162
104060401 400080004
27723 1021314631201
100020001 1021314631201
12224037221 4000008000005
120 100020001
124570421 400080104
10201 1232346432421
102030101 104060501
40803 1012155017101
1002003001901 52002004502002
1002003001901 1117186317161
1212225222120 4004009004004
12320 4004009004104
1223387338221 1234567654421
1234321 40000800004
1020304030201 1020304030201
11161916161 1021314631201
104060301 1004006004002
122348221 1210024200122
3 10301
44844 12345654421
121242121 10000200101
104060400 1001002501001
2621163 100020001
120 262883262
120 52002004502002
123454321 10000200001
21 123454421
1024348434200 1233457043321
12320 1000002000002
1234321 1024348434201
1020304030200 1212225222221
102030200 1000002000001
4 302
65 1232346432421
125686421 1000002000001
123454221 1024348434301
101025101 1210024200121
1234321 400080104
44943 125686621
104060400 1223387338221
65 1234567654321
10200 1232346432321
100019901 122348221
10201 125686522
9 1020304030202
3 122
102030200 1212225222221
523473 1214428244122
52014003 102030202
100020001 1223387338221
14640 1022325232301
14641 1234567654321
10110806101 1002003002101
10000200000 1001002501001
400080003 4000008000005
101025101 12224037221
101025101 1020304030201
1003004503001 1211124711121
10110806101 1234567654421
14641 10000200001
5343 1002101
100020000 1022325232202
104060400 1214428244122
123454221 1024348434201
303 1214428244221
4008003 123454322
122348221 1234567654421
4007904 1004006004001
484 45044
3 100020101
122348221 1223387338221
1024348434101 1117186317161
4 12322
484 10110806101
40000800003 1001002501001
303 485
21 1021314631201
122348221 1211124711121
404090404 404090404
384 4008005
5343 1000002000002
1234320 26173227162
21 302
21 1214428244122
40803 4000008000104
384 1223387338221
10200 1214428244121
12345654321 2617287827162
11261 1023336833201
10000200000 1234567654321
7 1002002
125686520 125686621
404090403 10110806101
1022325232101 1024348434202
9 12345654321
44844 1212225222122
125686421 1003004503001
40803 1022325232201
10221412200 1024348434202
40803 52002004502002
1001901 1024348434301
4 124570421
10101 4004009004104
1002003002001 2617287827162
4008003 104060501
5202145203 1020304030301
484 12421
523473 4004009004004
12320 1234567654321
5343 102030301
484 40804
3 12102420221
1001901 11161916161
404090404 1212225222121
120 1000002000001
7 125686522
44943 12102420121
10000199901 1004006004101
10000200000 1022325232202
10110806101 10221412201
100020001 12102420221
123454320 12102420122
12321 1003004503001
12221 1002101
1213326733121 4000008000004
102030200 1020304030202
262883263 4002008502004
4008003 4002008502004
121242120 400080004
10000200000 4004009004005
8 40000800004
44943 45044
402085204 1211124711121
1118161 1022325232201
102030101 1022325232202
1000002000001 1023336833201
11261 12321
520001400003 4004009004104
11261 10000200001
1023336833201 1210024200121
121 1012155017101
12320 40805
4008004 1000002000001
1022325232200 1024348434202
10221412101 12345654322
404090403 1022325232201
8 4004009004005
10200 52002004502002
27723 121242221
484 11161916161
121 1004006004002
1234321 52014002
40704 45044
100020001 40000800005
1002001 40000800004
12321 121242221
10221412101 1232346432321
7 12345654421
4007904 4008104
12102420120 12102420122
14541 1012155017101
400080004 1004006004002
262883263 1004006004101
384 1020304030301
7 10202
400080004 1002003002002
1001901 1211124711121
40804 1024348434202
1001901 112651261
10201 12345654322
1234320 40000800005
262883263 1233457043321
100020001 10000200101
11261 1234567654421
102030201 26173227162
400079904 1234567654421
44844 1004006004001
12221 125686621
12224037221 1000002000001
10101 2621162
120 124570421
102030200 404090504
1234567654221 4004009004004
12320 1022325232301
520001400003 1211124711121
44844 44944
121 1212225222122
121242121 1020304030301
8 12345654421
1117186317161 1212225222122
13481 2617287827162
102030101 12224037221
40804 4000008000004
4008004 4004009004004
1 100020001
384 1002002
101025101 1020304030202
123454321 404090405
1004006003901 1020304030301
122348221 402085204
40803 1234322
1002001 4004009004005
12102420121 1020304030301
21 121242122
1210024200121 2617287827162
40704 10110806101
5343 1210024200121
40000800004 4004009004005
40804 4004009004104
123454320 12102420121
4 1118161
124570421 262883262
1002003001901 1233457043321
1 123454322
9 104060501
26173227163 1022325232301
1024348434101 1214428244122
12320 12102420121
1022325232200 1234567654321
104060400 4000008000104
400080004 10221412301
5343 1024348434201
5202145203 1210024200122
42874 1211124711121
123454221 404090405
121242021 402085204
101025101 104060501
14541 1234567654322
1002001 123454322
100020000 101025101
10000199901 26173227162
121242121 2617287827162
12345654221 1012155017101
14641 1118161
44844 1232346432322
4007904 1020304030201
12321 1211124711121
40803 121242122
123454321 1003004503001
384 100020101
12221 10221412201
65 484
14640 14641
100019901 104060501
3 6
10200 1002001
121242121 1233457043321
10221412201 10221412202
10221412101 1004006004101
10000200000 1212225222121
125686520 10000200101
7 1234567654322
125686521 10000200001
1 40804
10200 1233457043321
5343 10202
27723 12102420121
5343 121242122
10000199901 1214428244221
4007904 52002004502002
1002003002001 1020304030201
1000002000000 1000002000001
121242021 404090404
100019901 12345654421
40000799904 1001002501001
1021314631201 4000008000004
1 400080005
303 1002003002001
4000008000004 4004009004004
384 1234567654421
523473 121242122
65 1210024200221
13481 10221412301
4 1022325232201
65 4000008000005
12102420021 1023336833201
12345654321 1210024200121
12320 40904
1234221 1234567654321
303 1233457043321
400080003 1232346432322
1232346432221 1234567654421
1234221 5202145202
21 27722
1234221 123454321
11161916161 12345654322
5202145203 10221412201
65 11261
10201 400080005
104060301 12345654322
1001901 12102420122
44844 10000200101
100019901 102030201
12221 121242221
100019901 1021314631201
1023336833201 1212225222221
112651261 404090404
44944 2617287827162
11261 1000002000002
104060401 12345654322
102030101 121242122
12102420120 52002004502002
4000007999904 52002004502002
1022325232101 1022325232202
1234221 12224037221
1001002501001 4002008502004
52014003 1004006004001
12345654221 1002003002002
21 13481
27723 2617287827162
10000199901 1210024200121
44844 520001400002
12224037221 1002003002101
400079904 1023336833201
12345654320 40000800104
1002003002000 1003004503001
12221 125686521
1022325232101 1210024200121
40000800003 1117186317161
104060301 10000200001
40804 400080104
125686421 402085204
1 1234321
1000001999901 4004009004104
520001400003 1024348434201
12320 12102420122
5202145203 1003004503001
10000200001 1012155017101
125686521 125686522
7 1234321
1214428244120 1234567654421
1002001 1002003002101
100020001 100020002
40000800004 1234567654322
10000200001 1003004503001
12345654320 1223387338221
104060301 121242221
303 104060401
7 404090405
44943 402085204
11261 1212225222221
125686421 1212225222121
9 52002004502002
1234221 4002008502004
1001901 1022325232202
104060401 12345654421
1000001999901 1002003002002
101025101 1000002000002
44944 1001002501001
3 102030301
44943 1004006004002
102030201 1210024200121
1012155017101 4000008000005
10221412201 10221412201
102030200 125686522
10200 1004006004001
1000002000001 4000008000005
483 121242121
40000800003 1000002000001
12321 12224037221
11161916161 1020304030201
5343 523472
44943 1232346432322
303 12421
121 112651261
7 40805
1234221 1024348434301
1212225222021 4004009004005
7 1002003002001
40803 400080004
1002003001901 1234567654322
10201 4000008000005
520001400003 1212225222221
65 102030301
103045301 400080005
13481 4008004
1004006004001 52002004502002
40704 1210024200121
8 262883262
13481 400080104
1234567654321 4004009004104
10201 125686521
100020001 123454321
1002001 12345654322
14641 121242221
4004009003904 52002004502002
21 101025101
52014003 2617287827162
14640 4004009004004
102030200 1004006004001
100019901 1004006004001
10110806101 11161916161
121242021 1212225222122
40804 404090405
1233457043321 4002008502004
1001901 1002101
12345654321 1022325232202
1020304030201 1022325232201
4 1210024200122
303 1021314631201
52014003 124570421
400080004 1003004503001
9 10221412301
1004006004000 1234567654322
12345654320 4000008000005
3 1002003002002
40704 121242121
404090403 4004009004004
1002000 52014002
5343 404090405
121 122
100019901 262883262
44943 1234567654322
123454321 404090404
11161916161 12345654421
1234320 52014002
100019901 12102420121
100020000 121242121
123454321 1000002000001
40000800004 40000800005
103045301 520001400002
400080004 1022325232201
1 2617287827162
65 40904
483 125686522
13481 1003004503001
12321 404090504
1234321 102030301
12102420120 2617287827162
8 104060401
40803 1023336833201
125686421 1210024200122
40000800003 40000800004
404090304 52002004502002
100019901 1002003002101
1004006004001 1020304030201
102030201 102030301
40803 1223387338221
4007904 404090404
484 102030301
40803 40804
1118161 5202145202
10221412201 12224037221
1022325232101 1210024200122
1002003002000 1234567654322
40804 1001002501001
10101 100020101
7 121242122
1023336833201 1212225222122
402085204 52002004502002
402085204 1210024200122
520001400003 1002003002002
104060301 1212225222221
10221412201 1024348434301
7 1000002000101
52014003 1234567654321
1002001 1234321
102030201 1002003002101
102030201 12345654421
4 14741
483 1117186317161
123454321 52002004502002
1022325232101 4000008000004
44944 10110806101
27723 1223387338221
1210024200120 2617287827162
10221412101 4000008000104
10221412101 1212225222122
40804 52014002
40704 12345654421
125686521 1212225222121
100020001 1212225222121
100020000 1223387338221
1 1012155017101
1000002000000 1024348434201
11161916161 1212225222122
125686520 1024348434202
1234320 121242121
12221 4000008000104
44844 121242121
65 1002002
1210024200021 1214428244122
400080004 1012155017101
5343 12421
402085204 1002003002001
4 4008005
1212225222021 52002004502002
21 11161916161
102030201 1020304030201
1003004503001 2617287827162
1214428244121 4004009004005
40704 4004009004004
44944 1004006004001
104060401 400080005
1214428244121 4004009004104
1000002000001 1211124711121
44944 1234567654421
400080003 1002003002001
7 125686521
10000200001 4004009004005
404090304 1213326733121
44844 2617287827162
40804 112651261
8 26173227162
384 44945
124570421 10110806101
121242120 1211124711121
12345654221 1232346432322
52014003 12102420122
1002003002000 1214428244122
384 262883262
12320 1214428244122
4008004 1234567654421
13481 122348221
12102420021 4004009004004
104060301 1023336833201
11261 1002101
121242021 121242122
1234321 5202145202
40000800003 1023336833201
10201 104060401
10000200000 1020304030301
12321 1002003002002
14641 523472
13481 1232346432321
124570421 1212225222121
121242121 125686521
523473 1214428244121
1 1004006004002
1211124711121 4004009004004
7 122
12320 1023336833201
1024348434201 1024348434201
3 1002003002101
483 1214428244221
12345654320 4002008502004
102030200 1214428244121
10000200001 1214428244221
27723 40000800004
10201 12102420122
125686521 1210024200122
400079904 1022325232201
123454321 1212225222221
483 1232346432322
12345654320 1024348434201
12320 40804
400080004 40000800004
40704 104060501
14641 44945
121 45044
9 100020002
120 123454421
404090404 12345654421
384 112651261
523473 123454421
400079904 10000200101
1021314631201 4000008000104
1002000 123454421
125686520 1002003002001
122348221 1012155017101
1020304030201 1023336833201
404090404 1024348434201
4007904 10221412201
12345654320 1012155017101
1234321 1232346432421
3 1234567654321
12320 104060501
10000199901 1232346432421
7 102030301
104060400 1232346432322
4008003 10221412301
21 1210024200122
12320 10110806101
42874 1002001
123454320 123454421
1004006004000 1212225222121
12345654221 1213326733121
5343 404090504
1211124711121 2617287827162
122348221 10000200001
104060400 10000200101
13481 40000800005
100020001 1234567654421
13481 4008104
4007904 12102420122
1234221 1210024200221
27723 1002003002101
103045301 1024348434301
102030201 112651261
102030101 1212225222121
125686520 1223387338221
121 1118161
4 125686521
10201 102030301
21 1002003002001
52014003 1024348434301
1012155017101 1020304030301
12345654321 40000800004
14641 100020101
9 109
8 40000800005
11161916161 12102420221
1118161 1012155017101
121 302
10110806101 40000800104
121 1023336833201
21 4002008502004
1022325232101 4004009004104
1214428244021 1234567654322
404090404 12224037221
100019901 4004009004005
12224037221 12345654421
21 1234322
4002008502004 52002004502002
12221 1214428244121
13481 523472
26173227163 1012155017101
10101 4008104
7 12322
40804 12102420221
1002003002000 4000008000005
1214428244021 4004009004004
27723 1002003002001
10221412201 1214428244121
404090304 5202145202
2621163 1021314631201
121 103045301
101025101 262883262
1020304030201 1020304030301
7 1004006004002
384 102030201
9 5342
12102420121 12345654421
100020000 10000200002
13481 1000002000101
520001400003 4004009004004
40804 1002101
1234567654221 4002008502004
1000001999901 1022325232202
523473 102030301
121242120 12224037221
484 12345654321
400079904 404090405
100020001 1000002000101
12320 102030301
1020304030101 1214428244221
12321 402085204
120 485
262883263 1214428244221
101025101 1004006004101
10110806101 12102420221
101025101 10000200101
1 584
100020001 1012155017101
125686521 1002003002101
3 1234567654322
14640 1022325232202
1024348434101 1210024200121
12102420121 1212225222121
1004006004000 1214428244121
42874 1022325232301
404090403 10000200002
1020304030201 52002004502002
12345654320 1210024200121
7 10
1002001 1214428244122
121242021 1021314631201
523473 12345654421
14641 100020001
120 1022325232202
14641 1002003002002
4008003 1214428244122
102030200 104060402
402085204 4000008000004
4002008502004 4004009004005
125686421 1234567654421
1024348434201 4004009004004
523473 1001002501001
121242121 10000200002
400080004 10221412201
8 485
1002000 103045301
404090403 4004009004104
21 1022325232301
7 103045301
262883263 1002003002001
14640 112651261
1002001 1210024200121
104060400 1004006004001
100019901 125686521
1 1212225222121
520001400003 1024348434202
8 484
10221412101 4000008000004
1212225222121 1234567654421
1212225222121 1214428244122
10000200001 1232346432322
121242021 12345654421
483 1232346432421
14541 4004009004104
52014003 404090404
10000200000 12102420221
103045301 52002004502002
40803 104060402
12345654320 12345654322
1000001999901 1232346432322
124570421 1000002000101
44844 10221412301
26173227163 1212225222121
1020304030201 1232346432322
7 45044
4007904 1001002501001
101025101 12102420122
483 11161916161
10200 1211124711121
44944 12102420122
400079904 1214428244122
5343 404090404
14541 1232346432322
1002000 1024348434201
12102420121 4000008000004
4008003 404090405
14640 400080004
121242021 124570421
10000200001 1000002000101
42874 112651261
124570421 125686621
123454221 10000200101
10200 4004009004004
1 1234567654421
12345654221 1234567654321
400080004 1117186317161
112651261 5202145202
1234221 1117186317161
262883263 10000200101
123454321 4004009004104
40000800003 1212225222221
7 1212225222221
1234320 1213326733121
2621163 52002004502002
1 2621162
14641 1023336833201
10221412101 1022325232201
44943 1214428244121
384 400080104
27723 1001002501001
4 1210024200121
40000800003 52002004502002
100019901 1024348434202
1000002000001 1212225222121
1210024200121 4000008000104
14641 1212225222121
1234567654221 4004009004104
3 103045301
27723 10000200001
5343 12102420121
121242021 11161916161
1212225222021 1232346432322
9 14641
102030101 122348221
10110806101 1212225222221
3 404090504
1000002000000 4004009004004
65 40805
21 400080104
1 44945
120 14641
1003004503001 1022325232201
12320 1002003002101
12102420120 1212225222121
400080004 1214428244121
483 124570421
27723 10221412301
12102420021 1004006004002
1004006004001 1021314631201
520001400003 1020304030202
404090403 12224037221
12321 123454321
112651261 1212225222121
4008004 1214428244122
14641 400080004
1000002000001 1021314631201
483 101025101
100020000 26173227162
1234320 12345654321
40704 1020304030202
121242121 12345654421
8 109
14641 1212225222221
124570421 1214428244221
303 103045301
12221 1212225222122
100020001 124570421
402085204 12345654421
42874 404090504
1004006004000 1021314631201
1004006003901 1022325232202
125686421 1021314631201
121 122348221
4000008000003 4000008000004
3 400080104
483 10110806101
40704 11161916161
10000200000 1000002000002
26173227163 1004006004002
8 121242122
52014003 100020001
1024348434101 1212225222121
10221412200 1210024200121
14541 12102420122
10000199901 1234567654421
1234320 121242122
121 1234421
12321 12345654322
10221412201 1214428244122
1234221 1234421
40000800003 4000008000005
10200 13481
1020304030200 1212225222121
10221412201 4004009004104
121242121 10110806101
303 52014002
8 40805
484 102030202
12102420021 1117186317161
13481 125686621
12345654221 1003004503001
102030101 1004006004101
10101 102030201
1234321 520001400002
102030101 12102420122
1118161 100020001
12321 523472
1003004503001 1210024200121
10221412101 1021314631201
1210024200121 1210024200221
5202145203 1002003002101
11261 1012155017101
14541 1212225222121
10000200001 4000008000104
10101 1024348434201
100019901 1003004503001
3 12102420121
124570421 10000200101
1001002501001 1223387338221
3 1212225222221
9 400080005
10000199901 4000008000004
1 122
42874 12224037221
1118161 1214428244122
125686521 404090404
1211124711121 1234567654321
104060400 104060501
1 12345654421
44844 40000800004
1210024200021 4004009004104
102030201 1117186317161
1022325232201 1234567654321
13481 12345654421
1002001 520001400002
3 44944
1233457043321 1234567654322
3 1212225222122
4008003 100020001
100020000 104060402
10101 102030301
4008004 12102420122
4007904 1002003002002
44944 4000008000005
14641 4000008000104
5343 40000800005
13481 1210024200122
10221412101 1000002000001
1 400080004
1002001 102030201
10221412101 4000008000005
40803 102030202
10101 1012155017101
400079904 1210024200122
40804 102030301
40000800004 1210024200121
303 1002003002101
14640 1212225222221
40803 1024348434202
122348221 262883262
44943 1001002501001
104060301 400080004
7 1002101
104060301 1210024200221
125686521 1214428244221
1234567654321 1234567654421
123454320 4002008502004
3 102030202
1000002000000 1012155017101
102030201 1232346432421
10000200000 1232346432321
523473 1004006004002
1118161 1021314631201
12345654321 1234567654321
3 1022325232301
1000002000001 1020304030202
1212225222021 1232346432321
42874 404090405
100019901 1023336833201
102030101 1232346432321
124570421 1020304030301
484 404090404
125686521 1212225222122
1024348434101 1214428244121
4007904 1020304030202
100019901 124570421
10101 52002004502002
384 1212225222221
4 1024348434201
1024348434201 4004009004005
1234321 1210024200122
10101 1002003002001
1020304030200 4000008000005
102030201 1021314631201
1001002501001 1233457043321
10201 10000200002
40804 12345654322
1 1212225222221
42874 52002004502002
10101 1234421
10000199901 1000002000001
12320 4004009004005
14640 1210024200221
262883263 1022325232301
9 10
101025101 40000800005
102030200 402085204
100020001 12345654321
40000800003 1214428244121
483 1022325232201
52014003 40000800104
14641 12345654321
5343 125686521
10000199901 1223387338221
1022325232200 4000008000004
10200 11261
1022325232101 1234567654321
121242021 40000800104
12102420121 12102420221
12345654321 1002003002101
102030200 12102420221
104060301 10221412301
402085204 4004009004004
3 1022325232202
102030201 10000200001
262883263 10221412202
1118161 102030202
10221412201 1232346432321
484 12102420121
1022325232200 1024348434201
11261 1004006004001
65 1117186317161
1024348434200 1211124711121
2621163 12345654421
101025101 4004009004104
384 104060402
1001901 4004009004005
12321 104060402
3 1118161
4008004 402085204
404090304 10221412201
12221 52014002
44943 1232346432321
10110806101 1004006004001
303 10221412201
104060400 1213326733121
104060401 1001002501001
7 1004006004101
4008003 1210024200121
102030201 1234567654322
65 104060501
404090404 1213326733121
1002003002000 1004006004101
1020304030201 1234567654321
12345654321 1211124711121
1213326733121 4004009004104
10200 1232346432322
4 484
1 1214428244221
5202145203 1023336833201
384 4008104
100019901 1020304030201
400079904 12345654321
1020304030200 1117186317161
44944 103045301
125686521 402085204
100019901 40000800104
103045301 1232346432421
4000008000003 4004009004005
1023336833201 1024348434201
5202145203 12102420121
10221412101 1234567654322
102030200 4000008000104
5343 1001002501001
1117186317161 1232346432322
101025101 10221412202
1234320 1002003002101
13481 112651261
40000799904 1022325232201
12321 10000200001
40803 112651261
5202145203 1002003002001
10221412101 4004009004004
123454221 4004009004004
10000200000 1213326733121
40804 1000002000002
1002001 104060401
1210024200121 1210024200122
40000799904 1214428244121
1001901 10221412301
40000800003 40000800104
12320 45044
4008004 1012155017101
14640 400080005
121242021 1020304030301
523473 4008104
4007904 1233457043321
44844 11161916161
14541 1210024200121
3 14641
103045301 123454322
122348221 10000200101
404090403 4000008000004
12345654321 1232346432321
12320 1024348434202
104060401 121242121
1021314631201 1023336833201
44944 1234567654322
1012155017101 1213326733121
1 100020002
10221412201 1232346432421
404090404 40000800005
10201 102030201
4 1211124711121
400079904 1213326733121
14541 1210024200122
1118161 404090405
121 40805
14641 1000002000001
12221 1020304030202
104060401 52002004502002
1118161 104060401
103045301 1002003002001
1020304030101 1234567654321
9 125686521
125686521 1024348434201
12345654221 1210024200122
1000002000001 1117186317161
3 121
21 404090404
12320 123454322
10200 4008004
1232346432221 2617287827162
404090304 1012155017101
44943 1212225222121
12102420121 26173227162
123454221 262883262
523473 1213326733121
10101 121242121
1002003002001 4002008502004
100020001 1210024200221
14640 12224037221
1002001 12102420122
1024348434201 1234567654421
100020001 4004009004005
123454321 4004009004004
1234221 40000800104
1001901 10221412201
8 404090405
42874 402085204
103045301 402085204
10101 404090405
12221 4000008000004
44944 123454322
1024348434200 4004009004005
123454321 1234567654322
40000800003 1212225222121
121 44944
1000001999901 1000002000002
11161916161 26173227162
10200 11161916161
14541 5202145202
484 485
102030200 10221412301
11261 400080005
44944 4004009004005
1000001999901 1234567654421
104060301 12345654321
44943 10221412301
1004006004001 1012155017101
400079904 4000008000005
40000800004 1223387338221
1001901 1004006004001
