523473 123454322
12102420021 4002008502004
121242021 10000200001
12221 1214428244122
1234320 12102420122
1210024200120 1213326733121
120 42874
303 1012155017101
2621163 1234567654421
104060401 1223387338221
14641 27722
1001002501001 1232346432321
40704 400080004
52014003 402085204
1002001 124570421
121242121 1003004503001
1020304030201 4002008502004
40803 1210024200121
404090403 12102420122
44943 10221412202
40704 1234567654321
5343 10000200001
9 45044
523473 5202145202
120 484
42874 125686522
1003004503001 4000008000005
125686521 400080004
121 1024348434301
1001901 1234322
1002000 1214428244122
262883263 1212225222121
14541 1233457043321
10221412200 1212225222121
40000800004 1211124711121
52014003 1020304030202
1214428244121 4000008000005
1234567654321 4002008502004
10000200001 1214428244121
44844 1002003002001
1 10221412202
1214428244121 1223387338221
123454321 11161916161
262883263 1234567654322
124570421 10000200002
13481 1234421
1234320 4008004
1211124711121 1233457043321
1000002000001 1002003002101
303 12322
12345654320 2617287827162
12102420021 1001002501001
1002000 112651261
40804 103045301
2621163 1232346432421
14641 1002001
65 1020304030202
4000007999904 4002008502004
13481 5202145202
1232346432221 1232346432421
40704 112651261
4 104060501
121242021 1210024200221
10221412200 12345654321
121 10201
122348221 404090404
11261 1212225222122
8 9
8 1234567654321
10201 1002101
402085204 4000008000104
1212225222120 1234567654421
1002000 1012155017101
1001002501001 1002003002002
102030200 10110806101
1 1223387338221
123454221 1232346432421
120 40000800005
40704 125686621
9 40000800104
1001002501001 1214428244221
40803 40904
104060401 1022325232201
404090304 520001400002
10110806101 12102420121
44944 102030201
40000799904 1000002000001
5343 10301
1234320 1001002501001
12102420121 40000800004
44844 45044
4008004 1002003002002
40704 1214428244221
12102420021 1020304030301
102030201 52002004502002
100020001 112651261
12321 1234421
400079904 11161916161
400079904 1117186317161
4 400080104
7 1118161
27723 40000800005
10000200001 10221412201
4008003 1000002000101
40000799904 4000008000004
483 123454322
12221 1000002000001
125686521 1232346432421
10101 12322
44943 123454322
12221 4008004
14640 103045301
104060400 520001400002
65 125686521
1234567654321 1234567654322
1022325232201 1214428244121
1214428244021 4004009004104
1118161 404090504
8 104060501
5343 123454321
1003004503001 4004009004005
21 1233457043321
112651261 125686621
123454320 125686621
40704 103045301
102030201 404090404
10200 1117186317161
400080004 1211124711121
1210024200021 1212225222221
484 1234567654321
10110806101 1223387338221
27723 5202145202
7 1117186317161
14641 4004009004104
14640 4004009004104
1234320 4000008000004
100020000 125686521
101025101 104060402
303 12102420221
404090304 1117186317161
12221 262883262
5202145203 12345654321
44944 404090504
10101 12224037221
123454320 1211124711121
42874 1232346432321
9 121242121
1118161 40000800005
123454221 1004006004101
121 5202145202
9 404090405
1234221 400080104
40000799904 1023336833201
100019901 400080104
404090404 1024348434202
100020000 12224037221
10200 12102420122
400080003 10000200101
44844 523472
44944 4008104
103045301 1210024200221
4007904 1212225222121
7 4008004
400080003 40000800004
1234221 12102420121
1001901 102030301
3 4008004
125686520 1020304030202
483 123454421
12102420120 1004006004001
5343 14641
12102420121 1012155017101
4008004 123454321
1001002501001 1012155017101
262883263 404090404
12320 121242121
11261 1022325232301
12320 14642
40803 104060401
104060301 125686521
44844 121242221
121242120 1022325232201
1 1002002
1234320 123454321
10101 1212225222121
14641 2617287827162
400080003 1212225222221
1003004503001 1020304030202
484 1020304030202
1004006004001 1004006004001
122348221 400080005
1234221 1000002000002
484 1024348434301
1002003002000 2617287827162
1002000 4000008000005
27723 40904
12345654321 1022325232201
1002000 52002004502002
5343 123454322
402085204 1022325232202
12345654221 2617287827162
5202145203 1002003002002
104060401 1003004503001
1024348434101 1214428244221
104060301 1234567654322
2621163 103045301
384 40000800104
5343 10221412201
1024348434200 4000008000104
42874 102030301
40000800004 1020304030301
1118161 1210024200122
262883263 1003004503001
13481 4000008000104
123454321 1212225222121
303 42874
8 1002003002002
483 1012155017101
21 100020101
10221412101 1002003002002
12321 404090404
122348221 1000002000001
1234320 10221412201
483 1024348434201
10221412200 1003004503001
44844 262883262
123454320 1022325232202
1118161 1213326733121
100020001 1022325232202
5343 1223387338221
103045301 104060402
8 65
10000200000 12102420121
12345654320 1004006004101
303 1118161
8 11161916161
523473 4002008502004
121242120 1004006004002
4008004 4008004
404090304 12345654421
12320 400080004
1001002501001 1004006004001
112651261 1210024200122
122348221 1004006004101
2617287827163 4004009004104
100020001 4004009004104
44944 44945
1021314631201 1024348434201
10201 402085204
40803 12345654321
121242120 1024348434202
65 1212225222122
8 14741
100019901 52002004502002
1 1214428244122
11161916161 4000008000005
10000200000 1232346432421
1234567654320 2617287827162
1002003002001 1021314631201
100020001 1211124711121
8 1232346432421
112651261 26173227162
123454320 4000008000004
102030201 10110806101
10101 12102420122
1002003001901 1214428244221
9 11161916161
8 102030301
484 1000002000002
1234567654321 1234567654321
27723 1117186317161
384 40000800005
121242121 4004009004005
384 101025101
1214428244120 52002004502002
404090404 12102420121
484 104060501
40000800003 4004009004104
44844 1023336833201
7 4004009004104
26173227163 1023336833201
1000002000000 1212225222221
1 104060501
1234321 52002004502002
10000200001 4004009004004
123454221 520001400002
40000800004 4000008000104
4008004 125686522
1214428244021 1234567654421
1001901 1214428244121
104060400 5202145202
1012155017101 1212225222122
14541 121242122
10201 1024348434301
10201 1214428244221
125686421 1023336833201
121242120 2617287827162
14541 52002004502002
27723 100020101
40000800003 1234567654421
1023336833201 52002004502002
101025101 1210024200122
1004006004001 1020304030202
1002000 1232346432321
10101 100020001
123454320 400080104
10101 40000800005
112651261 402085204
5343 1003004503001
10101 1234567654321
10000200000 1024348434202
1002001 5202145202
1020304030200 1023336833201
123454221 1023336833201
9 44945
4008003 52014002
40000799904 1002003002101
404090304 4002008502004
1234320 103045301
12320 404090404
14640 520001400002
122348221 26173227162
1020304030101 1023336833201
121242120 4000008000005
121242021 1022325232202
3 40000800004
122348221 1022325232202
40000799904 1212225222221
7 112651261
112651261 1232346432322
121242121 400080004
1232346432321 2617287827162
384 1213326733121
121242121 4000008000005
400079904 10000200001
5343 5202145202
10201 1233457043321
1234321 10000200001
101025101 112651261
1022325232200 1234567654421
1210024200021 52002004502002
9 1212225222122
44844 4000008000005
483 1212225222221
402085204 1214428244121
123454321 12345654322
12102420121 1002003002002
1004006004001 4002008502004
122348221 1002003002101
121 121242221
12224037221 1233457043321
3 4004009004004
1001901 1234321
10221412200 4000008000005
27723 404090405
10101 102030202
3 14642
122348221 400080104
4007904 123454421
104060400 124570421
12345654221 520001400002
104060401 123454321
4007904 1000002000101
1024348434201 1232346432421
14641 44944
1004006004000 1022325232301
65 1214428244121
1002000 40000800004
21 1002003002002
40803 520001400002
10101 13481
1002003002000 1212225222221
40000799904 1004006004101
1002001 1004006004001
10110806101 1000002000101
102030101 1212225222122
12320 1210024200122
40000799904 1020304030201
120 104060402
9 42874
303 1000002000001
2621163 125686521
12320 40000800004
4008004 5202145202
1 1234567654321
44844 1022325232301
13481 1022325232202
1002003002001 1212225222121
14640 12345654322
1210024200120 1211124711121
102030200 1000002000101
104060301 1234567654321
8 125686521
1024348434200 1232346432321
1004006004001 1004006004101
10000200001 1002003002101
1210024200021 1234567654322
1024348434201 4000008000004
384 42874
27723 400080104
9 1234567654321
102030200 1024348434202
26173227163 1214428244122
102030200 1210024200221
7 11261
40000800003 1002003002101
14541 125686521
1 4008104
483 5202145202
262883263 12345654322
400080003 1117186317161
40000799904 1212225222121
1022325232101 1211124711121
1234221 100020002
125686421 1000002000101
1234321 12345654322
1022325232201 1233457043321
1118161 1022325232202
10000199901 10000200101
44944 4004009004004
404090404 1001002501001
10200 404090404
124570421 1234567654321
12345654320 4000008000004
102030201 1000002000101
10200 100020001
1234320 404090405
1001901 1213326733121
14640 1232346432421
123454221 1012155017101
3 1002002
12320 112651261
10110806101 1212225222121
1 100020101
1001901 1118161
12345654221 4000008000104
42874 10110806101
1001901 100020001
12345654321 1022325232301
1212225222021 1214428244221
104060400 1021314631201
14541 40904
120 12345654322
1000002000000 1002003002001
1001901 1117186317161
484 1212225222122
1234320 1004006004101
303 125686621
11161916161 1223387338221
100019901 1004006004101
1002003001901 1232346432321
2621163 1022325232201
124570421 1022325232201
12321 10221412201
8 2617287827162
12321 4008005
13481 123454322
5343 52014002
14541 2621162
400080004 12102420221
7 12102420121
14541 1234567654321
1000001999901 1232346432421
123454221 400080004
1004006003901 1232346432421
40000800004 4000008000004
1020304030200 52002004502002
121242120 12345654421
3 52002004502002
1232346432321 4000008000104
10221412201 1024348434201
13481 1020304030301
104060400 1002003002001
1004006004001 1210024200221
65 1024348434201
404090403 1232346432421
121 1020304030301
4 1234421
523473 1212225222122
21 1234321
120 1234567654421
122348221 10000200002
104060401 4002008502004
12102420021 1000002000001
104060401 121242122
121242021 1012155017101
303 2617287827162
44944 1020304030202
1020304030201 4004009004004
1234320 102030201
4 102030202
10101 104060402
27723 103045301
44943 12102420221
1234321 404090504
112651261 4000008000004
112651261 1232346432421
12102420120 1024348434202
124570421 1001002501001
27723 40805
484 4000008000005
1002003002000 1012155017101
102030101 1002003002101
1118161 124570421
1024348434201 1210024200221
21 1232346432321
42874 5202145202
8 10221412202
40704 1024348434202
21 1210024200221
1004006003901 1004006004101
10221412201 1117186317161
12221 1004006004101
125686521 1233457043321
523473 1020304030202
100019901 1022325232201
384 1021314631201
125686521 404090504
1118161 400080005
27723 1024348434202
120 52014002
1002000 101025101
14641 4004009004005
12320 1002001
2621163 1213326733121
1234321 1003004503001
1234320 104060501
1002001 1233457043321
523473 26173227162
104060401 1117186317161
14640 104060401
1002003002001 1002003002002
120 102030301
1020304030200 1022325232201
4007904 112651261
52014003 4002008502004
121 10221412201
10201 404090504
21 10221412301
121 1021314631201
1234221 1234321
121242120 10000200101
40804 1214428244221
1002001 1004006004002
9 1021314631201
7 13481
1234320 1004006004001
1234320 1234321
1234321 1000002000101
21 2621162
1 485
100020000 1000002000101
1020304030101 1212225222121
124570421 40000800004
4007904 1210024200122
4 485
104060301 400080005
10000199901 1022325232301
122348221 1020304030301
4 121242121
1002003002001 1020304030301
1 12224037221
402085204 1214428244221
4008004 1233457043321
12321 40000800104
4007904 11161916161
104060401 1232346432321
303 1024348434201
10101 101025101
1210024200021 4002008502004
10201 12102420221
404090404 404090504
7 520001400002
1211124711121 1234567654322
2621163 123454322
40804 1002001
404090304 10221412202
4000008000004 4002008502004
40000800003 4004009004005
1118161 1117186317161
1234221 1212225222122
125686520 1234567654321
125686520 4002008502004
44943 125686521
9 1022325232301
14641 40804
100020001 1023336833201
103045301 40000800104
44944 1223387338221
1020304030101 2617287827162
1012155017101 1024348434301
121242121 123454421
484 1212225222121
1000002000000 1003004503001
12221 12322
1020304030200 1234567654421
4007904 1234567654421
1000002000000 1000002000002
14640 102030201
2621163 10000200001
3 1212225222121
1 1024348434202
400079904 10000200002
484 1214428244221
1234221 1020304030202
262883263 1000002000001
1004006004001 1234567654321
123454320 1214428244122
12345654321 4004009004005
404090304 10000200002
121242021 121242221
100020000 1214428244122
1002000 1002003002002
3 12421
12321 1213326733121
8 10301
3 221
10221412200 1020304030201
12320 12345654321
1024348434200 1232346432421
12102420120 1211124711121
40704 1234321
10201 1232346432322
1020304030200 1024348434301
125686521 12345654421
1212225222121 1234567654321
520001400003 4004009004005
42874 102030202
1234567654221 52002004502002
400080003 1003004503001
303 102030201
8 14641
40704 125686522
9 1232346432321
262883263 1022325232202
1 40000800104
483 1234322
1001901 5202145202
10200 1002002
1004006003901 1214428244221
4008003 1024348434301
104060301 125686621
4008003 1020304030202
10201 14642
101025101 1233457043321
4008003 40000800104
40803 122348221
40804 404090404
1232346432321 4004009004104
7 12102420221
1022325232101 1024348434201
12320 1212225222121
40704 40000800004
14641 1002003002001
303 2621162
12345654320 1212225222122
5343 1210024200221
101025101 520001400002
100019901 100020002
1234320 4000008000104
9 102030201
120 12345654421
4 10000200101
11161916161 1024348434202
5343 262883262
483 1232346432321
100019901 1022325232202
21 1004006004002
100020001 1004006004001
2621163 1000002000101
121242120 10110806101
404090404 12102420221
4008003 5202145202
3 125686621
102030101 10221412201
404090404 1022325232301
483 1004006004002
1024348434201 1232346432322
100020001 1004006004101
4008003 12345654322
14641 1223387338221
400080003 1223387338221
7 125686621
10000199901 1024348434301
10000199901 4000008000104
40804 402085204
10201 1002001
1001901 10000200101
1002001 10221412301
1234321 40000800005
303 1214428244122
123454320 1000002000001
40000800004 1024348434201
400080004 1214428244221
1234567654221 1234567654321
14640 40000800005
7 102030201
1234321 1001002501001
12321 13481
1214428244120 1214428244221
262883263 1000002000101
1118161 1004006004001
21 104060402
4008003 1004006004101
11261 1002003002001
102030101 1214428244221
1020304030201 4000008000005
13481 1002003002002
10221412200 1232346432421
1002001 11161916161
9 4000008000005
42874 4004009004004
1 40000800004
4 1002002
1234221 121242221
52014003 1000002000001
12102420121 1004006004002
13481 10110806101
40803 101025101
262883263 1232346432321
8 1000002000101
5343 1020304030201
104060301 1020304030301
44844 1214428244221
4008003 12224037221
125686421 12102420121
1210024200121 4004009004004
1022325232201 2617287827162
1117186317161 1233457043321
2621163 11161916161
1002003002001 1212225222221
4000008000003 4004009004004
12320 27722
40000800004 52002004502002
100020001 1234567654321
11161916161 12102420122
4004009003904 4004009004005
11261 404090504
102030101 1232346432322
102030101 10000200002
125686520 12102420122
400080003 400080005
1 1022325232202
400080004 11161916161
40804 44945
1001002501001 1003004503001
10200 1212225222121
1002000 10221412301
4000007999904 4004009004004
40803 12345654421
104060401 1214428244121
4008004 4008104
1210024200120 1214428244221
10221412101 1234567654321
10000200000 10110806101
14541 124570421
1000002000001 1234567654322
1004006003901 1210024200221
7 104060401
1000002000000 1212225222122
1004006004000 1232346432421
400080004 52002004502002
123454221 1000002000001
44944 101025101
384 12345654421
40000800004 40000800104
8 4002008502004
1232346432321 1234567654322
1118161 1210024200221
21 40000800005
44844 400080005
121242021 10221412301
3 100020002
44944 1211124711121
100019901 1000002000101
12320 10221412202
27723 1214428244122
10101 1022325232301
14541 4008005
1001901 1023336833201
8 5202145202
10101 122348221
1002001 1022325232301
4008003 1004006004002
11261 102030201
123454320 400080004
14641 400080104
12345654221 12345654321
12221 12345654421
10000200001 1000002000002
1004006004001 1024348434201
303 4008005
101025101 402085204
12321 1232346432421
100020000 1234567654322
1234320 1214428244221
123454321 1021314631201
1 10202
1002000 1212225222221
4008003 1234567654321
400080003 1210024200121
4007904 10000200002
10000200001 1022325232202
303 400080005
1232346432321 4000008000004
10200 1210024200122
1001002501001 1211124711121
404090403 1210024200121
1004006003901 1234567654322
7 1234567654321
52014003 10000200001
14640 400080104
4 12345654321
483 1020304030301
12320 100020002
1210024200121 4004009004005
12102420120 1022325232301
102030101 1000002000101
3 1000002000101
120 1020304030301
40803 1004006004002
384 12102420221
9 40000800004
121 125686521
12102420021 1234567654322
104060401 404090404
11261 1234567654321
1 1213326733121
10200 125686521
27723 1020304030202
1002001 10000200001
1004006004000 1024348434301
104060400 12345654421
10221412201 1004006004002
44943 102030202
12320 1004006004001
4 1234322
2621163 400080004
11261 404090405
523473 1118161
7 12102420122
1002000 1232346432421
1001002501001 1024348434201
1004006003901 1212225222122
40804 1233457043321
12321 125686621
44944 400080005
12321 1210024200122
4 1212225222121
1003004503001 4004009004104
1020304030200 1232346432322
14641 1020304030202
3 12321
121242120 1234567654321
14641 4008004
10000200001 1020304030202
2621163 2617287827162
65 26173227162
4008003 404090504
1212225222121 4000008000104
104060301 1004006004001
1234221 11161916161
3 1003004503001
10000200000 12345654421
42874 1002101
40804 1004006004101
12320 125686521
14640 123454321
1000001999901 1022325232201
40000800003 1232346432321
44944 121242121
8 4008004
26173227163 40000800104
10221412200 1232346432321
1002001 4002008502004
10221412101 1214428244121
44943 12102420122
125686521 10221412202
124570421 2617287827162
21 1024348434301
1002003002000 1002003002001
12320 12321
40803 1022325232202
10101 11161916161
1 65
523473 104060402
303 121242122
14640 10000200001
121242021 400080005
484 4000008000104
102030101 12345654321
122348221 400080004
404090304 4000008000004
11261 1020304030201
44943 1020304030202
121 1234567654321
12221 4008005
12345654320 1024348434202
10000200000 1000002000001
101025101 1234567654421
523473 1002003002001
44844 104060401
12221 1002003002001
102030201 102030202
10101 4000008000104
120 5202145202
102030200 11161916161
120 4004009004104
1022325232101 4002008502004
7 1020304030201
121242021 1214428244122
10201 1223387338221
125686521 1210024200121
2621163 1020304030202
12102420120 1000002000101
1022325232201 1232346432421
1002000 400080005
104060400 1210024200122
11161916161 1001002501001
404090304 1002003002101
384 12345654321
100019901 1012155017101
65 1020304030301
10000200000 1214428244221
13481 1002001
1000002000001 1001002501001
5343 27722
1234321 101025101
1002003002000 1023336833201
52014003 102030201
7 4000008000004
104060400 123454421
10221412101 1022325232202
404090304 40000800005
1001002501001 1022325232201
13481 1000002000001
40000800004 1212225222122
121 221
104060401 1002003002001
404090403 12102420121
1002001 1021314631201
523473 1022325232202
303 12102420121
10110806101 1233457043321
120 1002002
262883263 1234567654421
1 520001400002
44943 1002003002001
123454321 2617287827162
40000799904 1000002000101
10101 1234567654322
12221 123454421
104060401 1024348434202
384 12421
121 1234567654421
3 1234322
103045301 12345654322
10000200001 40000800104
400080003 1214428244221
5343 2617287827162
100020000 104060501
1001901 1210024200121
8 1214428244122
303 1234567654421
1022325232200 1232346432321
10221412201 520001400002
44943 1020304030301
262883263 4004009004005
44944 125686621
402085204 1212225222122
10221412200 1000002000101
44943 5202145202
7 123454321
122348221 1024348434201
121242120 1000002000101
3 10201
121 102030201
262883263 10000200002
1211124711121 1212225222221
384 1002003002002
27723 1233457043321
122348221 1212225222221
400080004 400080005
125686521 4004009004005
44943 2617287827162
12345654221 4000008000005
1211124711121 4000008000004
13481 2621162
12320 1210024200221
12320 100020101
27723 1022325232301
484 1002003002001
125686520 1234567654322
104060400 1211124711121
12320 4000008000004
1234221 1000002000001
3 40805
123454321 4000008000005
1024348434201 1214428244221
10200 12102420121
520001400003 1004006004101
52014003 400080004
10000200000 1004006004002
402085204 1004006004101
40000800003 1021314631201
303 1001002501001
12321 1002003002101
44943 2621162
102030201 125686621
44944 10000200001
9 4004009004005
52014003 1012155017101
104060301 11161916161
3 400080005
10221412201 1022325232301
7 14642
4008004 112651261
5202145203 1232346432421
21 1012155017101
1002000 10221412201
5343 12321
44844 1212225222221
100020000 112651261
14541 12102420221
1024348434201 1234567654321
4004009004003 52002004502002
12345654221 1001002501001
2621163 122348221
400080003 1023336833201
40803 1020304030301
65 404090405
303 4004009004005
1004006003901 1004006004002
10200 40904
103045301 1000002000002
1234221 1214428244122
12221 5202145202
4 112651261
1000002000000 1000002000101
121242121 400080104
1211124711121 1214428244221
1002003002001 1214428244122
12345654320 1002003002002
100020000 4004009004004
4008003 400080004
1001002501001 1022325232202
303 484
10101 4008004
100020000 102030202
65 4008004
13481 125686522
65 44945
65 400080104
483 42874
40803 262883262
10200 5202145202
4007904 1117186317161
2621163 1000002000001
10000200000 10221412201
5202145203 10221412301
10200 44945
14640 2621162
102030201 1212225222221
1002003002000 1117186317161
123454321 400080104
1002003001901 1020304030201
4 40000800004
1234321 104060402
2621163 10221412301
1 11161916161
102030201 1002003002001
1002003002001 1234567654322
44943 123454421
384 10201
483 11261
1210024200121 1212225222221
1002000 4004009004004
101025101 1211124711121
10201 1212225222121
1234321 1000002000001
10000200001 1213326733121
42874 4008005
523473 10221412202
10200 4008005
42874 1024348434202
121242120 123454421
1118161 520001400002
65 584
1210024200021 4000008000005
13481 1001002501001
1002001 1223387338221
21 485
484 14641
1118161 12345654322
10000200001 4002008502004
12102420120 4000008000104
104060401 400080104
121242120 125686521
122348221 1002003002002
1023336833201 1223387338221
9 100020001
1210024200120 1214428244122
2621163 1022325232202
1233457043321 1234567654421
27723 4008004
102030201 121242122
125686421 12224037221
1024348434101 4004009004104
10000200000 1233457043321
125686520 402085204
125686521 520001400002
121242120 1212225222122
12321 1232346432322
1024348434201 52002004502002
10200 2617287827162
12221 11161916161
4008004 101025101
2617287827163 4004009004004
102030201 1213326733121
10221412201 4000008000005
12345654221 26173227162
1020304030101 1022325232201
12345654321 1002003002002
100020000 100020101
44844 1214428244121
400080004 26173227162
123454221 1000002000002
1002003002000 1002003002101
123454320 1002003002001
5202145203 1001002501001
103045301 1021314631201
1118161 400080104
1234321 1023336833201
1002001 400080005
13481 40000800104
104060301 121242122
102030200 1003004503001
121 1002003002002
1002003002000 4004009004005
404090404 1021314631201
10201 45044
4008003 10221412201
1002003001901 4000008000104
1234321 1004006004002
26173227163 1210024200221
120 402085204
400079904 404090504
484 101025101
1002001 1002002
1020304030101 1212225222221
484 400080004
4007904 12102420121
10201 1211124711121
1234321 1232346432322
1022325232200 1210024200221
262883263 1021314631201
12321 12102420121
10200 1212225222122
1001002501001 1234567654322
523473 1022325232201
1001901 125686621
1234221 4004009004004
102030201 4004009004004
1234221 4004009004104
1001901 125686522
8 12102420221
104060401 10221412202
1004006003901 1232346432321
400079904 1234567654321
44844 4008104
121 101025101
4 121242221
400079904 404090404
44944 400080004
483 122348221
44943 1003004503001
400079904 10221412202
44944 1003004503001
11261 400080004
2621163 1223387338221
12102420021 1234567654321
12224037221 1212225222221
12221 10000200002
12221 404090405
1117186317161 2617287827162
12224037221 1211124711121
27723 4000008000004
1210024200021 1213326733121
1 104060402
402085204 1024348434301
4008003 40000800004
10101 1003004503001
404090403 404090504
103045301 12224037221
5343 1212225222122
100019901 101025101
40000800003 1004006004101
1210024200121 1232346432321
7 1223387338221
2621163 1117186317161
10000200000 2617287827162
10201 121242122
42874 4002008502004
1117186317161 4004009004005
1234221 1214428244221
384 121242121
102030101 1211124711121
9 12102420121
1234321 1234567654321
104060401 12102420122
125686521 1024348434301
103045301 4004009004005
12320 1232346432421
1001901 1212225222122
125686520 404090504
1 404090405
12221 12421
121242121 1210024200122
9 40000800005
104060301 1214428244121
13481 40000800004
1001901 123454322
11261 1232346432421
102030101 102030201
400080004 1233457043321
1234221 2617287827162
40804 1022325232201
484 1210024200221
5202145203 4000008000004
5202145203 1211124711121
40803 523472
5202145203 12345654421
12221 1211124711121
102030201 11161916161
1118161 1000002000001
120 1213326733121
8 101025101
9 14642
11261 13481
26173227163 1117186317161
523473 1210024200122
52014003 112651261
121242121 124570421
10200 42874
102030201 10221412201
40803 125686621
1234321 12345654421
40000799904 4004009004005
102030200 1234567654421
1001002501001 1212225222121
1 42874
1 1022325232201
102030201 40000800005
10110806101 1210024200122
11261 4000008000004
104060401 1234567654322
12321 1214428244221
303 1002002
4008003 1214428244121
384 1022325232202
1234321 10000200002
2621163 262883262
14541 1213326733121
523473 4004009004104
384 1212225222121
125686520 1001002501001
14541 404090404
384 1002101
404090403 11161916161
1002003002000 1022325232301
1 5
10000199901 1212225222122
384 1002001
121242120 12102420122
12345654321 1000002000001
100020000 4004009004104
40704 44945
44943 4000008000104
102030201 4000008000004
1234221 1211124711121
102030201 4000008000104
1002000 1210024200122
125686521 1021314631201
9 262883262
404090403 1211124711121
21 1232346432322
10221412201 1210024200121
1000001999901 1024348434301
10000200001 1002003002001
5343 1004006004001
112651261 12102420122
123454321 1022325232201
303 40000800005
1213326733121 1233457043321
125686421 400080104
101025101 1004006004001
101025101 4000008000004
14641 123454421
40804 404090504
5202145203 1000002000001
1021314631201 4004009004104
40000800003 1214428244221
4 1232346432421
125686421 1214428244122
1002001 1232346432421
402085204 1210024200121
484 125686621
14640 121242121
11261 121242121
11161916161 1234567654322
1003004503001 1213326733121
104060401 1002003002101
1118161 1234567654322
1214428244121 2617287827162
12320 2621162
1023336833201 1232346432421
1234221 102030202
1 1210024200122
11261 100020001
9 4008104
10200 1234322
3 121242122
1024348434200 1117186317161
1212225222121 1214428244121
1 1004006004101
404090404 1234567654322
100020000 1020304030202
10110806101 12224037221
12320 1004006004101
122348221 5202145202
10200 10000200001
5343 4000008000104
42874 12102420122
100019901 123454421
40803 1234321
7 1234421
3 2617287827162
102030201 1232346432322
21 520001400002
1001901 4000008000004
4004009004004 4004009004104
1002001 121242122
12345654321 1004006004101
10200 123454421
1234321 122348221
1002003002001 1002003002101
121242120 404090405
104060401 1000002000001
1002000 2617287827162
65 121
3 125686522
4008004 1210024200121
120 12322
120 1021314631201
4008004 4002008502004
40704 52002004502002
121242120 1000002000001
262883263 1213326733121
1234321 124570421
303 523472
65 104060402
100020000 12102420221
104060401 1233457043321
12320 1002002
101025101 10221412201
4 44945
124570421 1024348434202
2621163 404090504
10221412201 1002003002001
10221412101 1210024200121
10221412200 1002003002001
10000200000 1004006004101
101025101 12345654421
10000200001 1117186317161
104060400 404090405
44943 1210024200221
12102420120 1024348434201
8 27722
1002003002001 4000008000005
1232346432221 4000008000104
44943 122348221
120 12224037221
384 11261
8 12102420121
10000199901 1233457043321
27723 12224037221
40000800003 520001400002
21 123454321
10110806101 1234567654321
384 52002004502002
100020001 12224037221
1021314631201 4002008502004
10101 40000800004
40804 121242221
3 1023336833201
402085204 1021314631201
402085204 1232346432421
4008004 1232346432321
44844 5202145202
1234321 1020304030201
102030201 2617287827162
101025101 1223387338221
27723 2621162
40803 1024348434301
1213326733121 4002008502004
104060401 2617287827162
4007904 1020304030301
1210024200021 1232346432321
8 123454322
12321 1117186317161
10000200000 1020304030201
4008003 12345654421
10101 1002002
40803 1118161
484 40000800005
121242120 123454321
21 2617287827162
21 40904
14640 102030202
103045301 125686521
10101 1213326733121
65 123454322
3 1210024200221
122348221 123454321
40000800003 4000008000004
12320 1223387338221
1234320 1232346432321
44944 1024348434201
100020001 10221412301
10221412200 4004009004005
10101 124570421
1234321 1002003002101
112651261 10000200002
8 1232346432322
102030101 124570421
12321 40904
1022325232201 52002004502002
404090304 2617287827162
14640 1234322
104060400 10221412202
4008004 123454421
303 14741
484 1002003002101
400079904 1024348434201
104060301 104060401
14641 104060401
400080004 404090404
400079904 4000008000004
12221 1024348434301
104060301 4002008502004
112651261 1210024200221
404090403 520001400002
4000007999904 4004009004104
1020304030200 1024348434201
40000800004 1234567654421
121 1002101
12221 10110806101
8 1024348434201
400079904 402085204
125686520 404090405
27723 1234567654321
483 12102420122
10221412201 1002003002101
5202145203 10000200002
12345654320 1022325232301
12321 1234567654321
1003004503001 1232346432421
1232346432321 4004009004005
14541 40804
483 1214428244122
4008004 10000200101
4008003 104060402
102030101 1024348434202
8 1210024200121
120 122348221
1234320 1022325232202
7 1001002501001
8 5342
8 1212225222221
523473 125686522
1234221 1234567654322
1002001 10221412201
121 4000008000005
1234567654321 4004009004004
104060301 4000008000004
3 4008005
3 400080004
44943 100020101
44844 1000002000001
14541 26173227162
40804 1002003002002
104060301 1022325232201
124570421 12345654321
103045301 1232346432321
12320 5202145202
1002001 10110806101
2621163 1234567654321
40804 1210024200221
121242021 4000008000005
1234567654321 4000008000104
40000800003 40000800005
10221412200 4000008000104
1232346432321 1234567654421
11261 1223387338221
483 262883262
12345654320 1002003002001
12221 40000800005
1003004503001 1214428244221
12221 1020304030301
1004006003901 4000008000005
52014003 404090504
1212225222120 4004009004005
100019901 12345654322
40704 104060401
123454321 1020304030202
2621163 1212225222122
1024348434200 1232346432322
125686520 12345654322
10200 1214428244221
4 4
1214428244021 4000008000104
12321 4008004
3 124570421
1002003002001 1210024200221
1023336833201 1213326733121
11261 40904
1002001 404090405
1020304030200 1022325232301
404090403 1004006004002
112651261 1001002501001
101025101 4004009004005
8 10
9 1020304030301
120 1234322
7 402085204
5202145203 4000008000005
8 1210024200221
40704 123454421
100020000 1024348434301
10201 1002003002002
303 1022325232201
13481 44944
1003004503001 1004006004101
404090403 404090404
1223387338221 1233457043321
1118161 1232346432322
44943 1118161
400079904 12224037221
484 400080104
303 12345654322
121242120 26173227162
10000200000 4002008502004
121242120 124570421
8 1234322
400079904 1020304030202
1012155017101 1233457043321
125686421 2617287827162
40000800003 4000008000104
40000800003 1022325232202
121242120 1223387338221
26173227163 52002004502002
121 5342
1213326733121 4000008000104
125686520 11161916161
100020000 4000008000004
12321 101025101
100019901 121242221
44844 1210024200122
400080003 12102420122
120 12345654321
1012155017101 1232346432321
12320 123454421
1234320 12102420121
44943 4008104
40704 102030301
1210024200121 1234567654421
40804 40805
100020000 10221412301
1024348434200 1212225222121
124570421 1117186317161
3 1024348434202
12345654221 1000002000101
44844 125686521
1234221 102030201
10000199901 10110806101
12345654320 1232346432421
13481 400080005
123454321 1020304030301
27723 404090404
40000800004 1022325232202
104060301 1234567654421
100020001 52002004502002
303 1002101
1 4004009004104
52014003 12102420221
121242120 1214428244121
1233457043321 4000008000005
14640 10221412202
125686521 12102420221
1024348434201 1233457043321
1020304030200 4002008502004
125686521 400080005
1002003002001 4004009004004
13481 40904
404090304 1024348434301
11161916161 1214428244221
12102420120 1214428244221
1118161 26173227162
4008004 4004009004104
404090403 1232346432321
1214428244120 2617287827162
21 10110806101
1234321 1233457043321
52014003 1232346432322
40804 1234421
121242121 1117186317161
123454320 1021314631201
14641 1022325232301
1234320 104060402
44943 1022325232201
1001002501001 1002003002001
1004006004000 1022325232202
10110806101 1024348434301
13481 10221412202
44844 1234321
10201 1020304030202
123454320 5202145202
400080004 1212225222221
9 1023336833201
26173227163 1232346432321
262883263 40000800104
12321 103045301
12221 1023336833201
121242121 10221412201
123454321 1234567654421
100020000 1004006004002
4000008000003 52002004502002
400080004 400080004
100020001 1232346432322
1234567654320 4004009004005
1024348434101 1234567654322
123454321 400080004
1002001 1003004503001
44944 1002003002001
124570421 12102420121
484 10000200001
104060401 1004006004101
123454321 1004006004101
400079904 400080104
44943 404090504
102030101 4004009004005
1004006004001 1022325232301
5343 1234567654322
1002003002000 1232346432321
65 1021314631201
44844 40000800005
484 1020304030201
4 12421
123454221 1117186317161
101025101 404090504
112651261 1234567654322
1223387338221 4004009004104
12102420121 40000800104
9 1002002
11261 10221412202
1022325232200 1022325232202
400079904 1212225222121
1002003001901 1232346432322
123454221 12345654322
123454221 1004006004002
11261 1022325232201
121242120 5202145202
44943 1020304030201
404090404 10221412202
13481 42874
12345654221 1020304030202
400080004 4004009004004
100020000 100020001
10221412101 40000800104
1020304030200 1211124711121
40803 12224037221
1004006003901 1020304030202
303 40804
4002008502004 4004009004104
121242121 12224037221
121242120 262883262
10101 262883262
1232346432320 1232346432322
1214428244121 4000008000104
1002003001901 2617287827162
1210024200021 4004009004005
102030201 1002003002002
21 104060501
404090304 4004009004004
104060401 4000008000005
14541 1002101
400079904 12345654322
4000007999904 4000008000004
10000199901 1020304030202
404090403 1001002501001
103045301 1001002501001
3 1004006004101
1023336833201 4002008502004
123454320 1000002000002
40704 40000800005
12221 1024348434201
26173227163 1214428244221
4008004 1021314631201
384 1232346432321
101025101 12102420221
1234567654321 4004009004005
404090404 1002003002101
8 40904
1024348434101 1212225222122
44943 1234567654421
404090403 12345654321
124570421 10000200001
11261 100020101
10201 1213326733121
523473 1024348434201
10221412201 1212225222121
1002000 1020304030202
3 4004009004005
303 102030301
1002000 402085204
121 40804
8 102030202
26173227163 4004009004004
10000199901 12102420121
400079904 12345654421
42874 1002002
124570421 1004006004002
123454321 1210024200221
1 123454321
8 1023336833201
104060400 1012155017101
1000001999901 1117186317161
13481 1002003002101
1000002000001 1002003002002
44944 262883262
3 12322
1212225222121 1234567654322
1012155017101 1211124711121
1212225222121 1232346432321
1024348434201 1234567654322
4008004 11161916161
10221412200 12224037221
42874 1003004503001
1002003001901 1002003002001
1002000 121242221
14541 10000200001
1234321 10110806101
1210024200021 1214428244121
100020001 1212225222122
5343 4004009004104
9 12224037221
104060400 121242221
44943 262883262
1232346432320 4004009004104
100020001 123454322
123454221 1212225222121
12221 1232346432321
2621163 1002003002001
1214428244121 1214428244221
4 26173227162
11261 104060501
100019901 10221412201
10200 1223387338221
483 5342
120 122
8 112651261
10201 4004009004104
125686521 4000008000004
12224037221 40000800104
1214428244120 1232346432322
14640 123454421
10200 1020304030201
44944 402085204
10000199901 1024348434201
1023336833201 4004009004004
14541 4008004
42874 400080004
1232346432221 4000008000004
10221412201 4004009004005
100020001 121242122
1234221 1022325232202
40704 402085204
10221412200 12102420221
44844 100020001
12345654321 1223387338221
100020000 1002003002101
4 12102420122
12321 1004006004002
125686421 400080004
10221412101 12345654421
12102420021 40000800004
122348221 1020304030201
123454320 12345654322
122348221 40000800005
303 404090405
102030200 1213326733121
10000199901 4002008502004
1002001 1000002000002
1000002000001 1002003002001
1234321 123454421
1002001 1211124711121
10201 11261
100020001 12345654421
1232346432221 4000008000005
1001901 1002002
12320 122348221
404090404 1000002000002
384 485
104060301 1211124711121
10201 10221412202
520001400003 1234567654421
102030101 102030202
4008003 10000200002
14541 1020304030201
7 14641
404090403 12102420221
1002001 400080104
27723 44944
8 1211124711121
384 1004006004001
9 1022325232201
12224037221 4004009004104
102030101 1214428244121
12221 1232346432421
1212225222120 4002008502004
523473 1232346432421
14541 1002003002002
10000200001 1024348434301
123454321 125686521
1234221 4008005
104060401 1210024200121
100020001 1213326733121
125686421 1024348434201
44944 1232346432421
303 12345654421
4007904 4000008000005
121242021 1210024200122
14640 102030301
12102420021 1002003002101
112651261 1004006004101
400080004 12345654322
9 4008004
12321 400080004
4008003 4004009004004
100020000 262883262
121242121 1234567654421
1022325232201 1213326733121
40704 4004009004005
483 400080104
2617287827163 4000008000004
44844 123454321
10200 1022325232201
5343 44944
102030101 1022325232201
12102420021 1000002000101
104060400 1002003002101
100020000 10000200001
102030101 1021314631201
102030200 520001400002
13481 4000008000005
4008003 104060401
10000200000 4004009004104
404090304 1002003002001
121 2617287827162
4008004 1020304030201
44944 1002003002101
104060400 1212225222221
3 109
523473 1211124711121
4 10110806101
523473 1210024200121
3 5
10000200001 12345654421
11161916161 1232346432322
1002003001901 1211124711121
1118161 10221412201
42874 4008104
10110806101 26173227162
1012155017101 1214428244121
10201 40000800104
12221 1022325232301
1117186317161 1214428244221
21 4000008000004
1232346432320 4002008502004
9 123454421
1004006003901 1022325232201
12221 1024348434202
121242121 4004009004104
9 40805
4 4004009004005
40803 123454421
1002001 12345654321
484 100020002
400080003 1210024200221
21 26173227162
3 5342
1022325232201 1117186317161
100019901 1214428244121
102030201 12345654321
402085204 1000002000002
121242121 1022325232301
5202145203 4004009004004
26173227163 1234567654421
104060301 1000002000101
14641 52002004502002
10101 100020002
14640 1000002000101
5343 12102420122
262883263 1214428244121
12221 44945
5202145203 11161916161
52014003 4000008000004
1118161 104060402
14641 1213326733121
102030201 1001002501001
10110806101 1214428244221
42874 1210024200122
122348221 1213326733121
40000799904 1000002000002
121 102030301
26173227163 1020304030202
1002003002001 4004009004104
4 40805
4008004 102030202
1118161 4004009004005
11261 26173227162
104060301 1002003002001
400080003 11161916161
12221 1232346432322
1001002501001 1117186317161
10200 40805
100020001 1234567654322
100020000 12345654321
4008004 12102420221
1003004503001 1234567654322
10110806101 2617287827162
10221412200 1022325232201
10101 104060501
44944 1210024200221
125686521 1003004503001
40804 123454421
120 4008004
1213326733121 2617287827162
104060400 262883262
100019901 4004009004104
40803 400080005
1002003002000 1232346432322
483 14741
52014003 4000008000005
40704 1003004503001
4 45044
7 1232346432421
13481 1212225222122
102030201 121242121
121242021 2617287827162
10000200001 10221412202
14541 1002003002101
1232346432321 4000008000005
11261 1232346432322
12321 4000008000104
121242021 4000008000104
1 1002101
12345654321 1000002000101
2621163 1002003002002
1000002000001 1000002000001
9 4002008502004
12221 112651261
121 121
11161916161 1024348434301
121242021 122348221
483 10221412201
120 11161916161
100020001 40000800004
100019901 102030202
1024348434201 1212225222221
7 4004009004005
10221412101 520001400002
10000199901 40000800104
120 121
1021314631201 2617287827162
123454321 1024348434201
8 10000200001
1234321 404090404
8 52014002
12102420121 1117186317161
27723 1004006004002
11261 1214428244122
7 10221412202
100020000 122348221
40704 121242221
483 1001002501001
103045301 26173227162
121242120 1214428244122
1214428244021 1214428244122
40000800004 1004006004001
1234320 1117186317161
12321 1020304030201
1000002000001 1210024200221
4008004 1223387338221
12221 104060401
4008003 10221412202
44944 404090404
52014003 123454421
483 1234567654322
1001002501001 4000008000005
65 10110806101
102030200 4000008000004
404090404 1232346432321
384 10000200001
484 4002008502004
21 1214428244121
121242021 1234567654322
44943 100020001
11261 14741
104060401 404090405
44944 4002008502004
1232346432321 4004009004004
100019901 10221412202
123454320 1024348434301
101025101 1212225222122
7 4002008502004
4 1000002000002
1 1003004503001
1012155017101 1210024200121
484 26173227162
7 400080004
523473 1002002
3 1004006004001
262883263 12345654321
12321 1000002000002
483 4004009004104
100020001 121242121
123454320 1233457043321
12321 104060501
40803 11161916161
10101 10000200001
26173227163 4002008502004
11261 1024348434301
14640 14741
21 1234567654322
1210024200021 1223387338221
44844 1022325232201
1234221 123454421
400080004 1022325232202
12345654321 1213326733121
40803 1234567654321
5343 1212225222221
101025101 404090405
120 1210024200121
5202145203 40000800004
7 121242121
125686520 40000800005
1234321 4008005
27723 1020304030201
21 1234567654321
14541 1001002501001
65 302
1004006003901 1213326733121
1234320 5202145202
7 1212225222121
4 5
12320 1213326733121
11161916161 1000002000101
1001901 1000002000001
11261 27722
1001002501001 52002004502002
100020000 400080004
120 1234321
10201 10110806101
101025101 1214428244122
303 10000200001
1212225222121 1212225222122
1004006004001 1211124711121
101025101 1024348434202
523473 12102420221
52014003 12345654421
40704 1212225222121
262883263 4000008000005
101025101 4000008000104
13481 121242122
1 1118161
4 52002004502002
121242120 10221412201
1002001 1232346432321
102030200 2617287827162
1001901 104060401
5343 44945
52014003 122348221
10000200001 1022325232301
1001901 40000800104
8 1210024200122
10200 404090504
12345654321 1232346432421
1212225222121 1213326733121
1020304030200 1020304030301
1022325232201 4002008502004
8 12421
400080003 4000008000004
1223387338221 1232346432421
4007904 52014002
13481 1022325232301
122348221 1214428244121
112651261 4002008502004
483 1210024200221
400080004 4000008000104
12102420021 1021314631201
44844 1213326733121
44844 1002001
12102420120 1234567654322
112651261 400080004
26173227163 1000002000002
1024348434201 1213326733121
44943 123454321
384 1234322
12102420021 12224037221
120 404090404
40803 12102420221
10221412201 1234567654322
1022325232101 1214428244121
10200 12321
1002001 1004006004101
1232346432321 1234567654321
10200 100020101
1234221 124570421
10000199901 12345654321
9 1022325232202
102030101 1212225222221
40000800003 1234567654321
303 1020304030202
1234320 1234567654321
44943 1234421
123454321 10221412202
9 1002101
1117186317161 1210024200221
483 1214428244121
12102420120 12102420221
121242120 10000200001
1 1000002000101
65 1210024200121
404090404 1212225222221
9 104060401
1210024200021 1212225222122
12224037221 52002004502002
12345654221 1210024200221
44844 1232346432321
52014003 1021314631201
10000199901 1021314631201
102030201 1004006004002
44944 1020304030301
121242120 1232346432421
10200 1020304030202
42874 1002003002001
384 1020304030202
12102420120 4000008000004
125686520 1212225222122
121242121 404090404
484 1021314631201
44943 404090404
13481 1004006004001
12345654320 40000800005
26173227163 1002003002101
104060401 104060501
2621163 4004009004104
103045301 1012155017101
10101 4004009004004
10200 1000002000002
8 1233457043321
12102420121 1022325232202
21 1024348434201
10201 1232346432321
10000200000 1021314631201
11161916161 1022325232202
404090404 1022325232202
2621163 1002003002101
4008003 1213326733121
12321 40000800004
10221412201 1000002000002
1214428244021 4000008000004
1002001 1214428244221
4 40904
11261 1021314631201
400080003 4004009004104
10201 100020101
121 4008104
121242120 1234567654322
12224037221 1003004503001
1003004503001 1024348434202
1232346432320 52002004502002
65 40804
400080003 1234567654321
104060400 400080104
100019901 404090405
10101 123454321
10221412200 1002003002002
21 12102420122
10221412101 1024348434202
42874 100020001
1117186317161 1211124711121
12320 10000200002
1004006003901 1012155017101
123454221 4004009004104
102030101 4004009004004
303 1211124711121
42874 1002003002002
303 10221412202
26173227163 1233457043321
40000800004 1002003002001
65 100020001
4008003 1020304030301
1212225222021 1233457043321
1234221 1020304030201
40804 104060402
483 1234421
11261 12322
3 1001002501001
384 100020001
124570421 1233457043321
13481 1024348434202
483 52002004502002
483 100020101
1020304030200 1024348434202
100020000 1214428244221
4008003 124570421
65 12321
4008004 1024348434202
1002000 1214428244221
42874 1022325232201
1004006004001 1004006004002
44844 1000002000002
3 1020304030202
1020304030200 1021314631201
4004009003904 4004009004104
12320 12322
100019901 1234567654421
52014003 400080104
400079904 1004006004001
1118161 1234421
121242021 1020304030202
10201 520001400002
7 4000008000005
102030201 1210024200221
4 14642
65 27722
42874 1002003002101
483 102030301
1232346432221 1233457043321
120 221
44944 124570421
10101 52014002
1024348434101 4000008000005
384 4000008000005
112651261 1234567654421
21 100020002
40000800004 1021314631201
14541 102030202
44943 4002008502004
44943 1024348434301
40000800004 1020304030201
1002000 1212225222122
12320 1020304030201
8 121
104060301 5202145202
10101 10221412201
1024348434200 4000008000004
1234321 26173227162
121242121 1002003002001
40803 404090404
1002003002001 1214428244121
112651261 4004009004005
40000800004 1012155017101
2621163 124570421
10221412200 1212225222221
11261 125686522
484 262883262
12102420120 1021314631201
104060400 104060401
122348221 124570421
1004006004000 1012155017101
10000200000 40000800004
101025101 124570421
121 262883262
12321 40805
104060400 10000200001
40000800004 1003004503001
125686521 1022325232201
1234567654320 4000008000004
12345654320 1004006004001
121 4008004
9 1118161
1002000 123454322
262883263 1001002501001
4008003 4000008000104
9 1024348434201
12102420120 1117186317161
1118161 4000008000005
104060401 404090504
1 125686522
125686520 10221412202
10221412101 11161916161
21 4004009004004
1214428244021 1233457043321
123454221 1020304030201
100020001 11161916161
101025101 121242122
4007904 1004006004002
14641 10221412201
404090404 4002008502004
10221412200 10221412201
120 100020101
11261 52014002
12102420121 1213326733121
12224037221 1232346432322
40804 1232346432321
1000001999901 1232346432321
14641 11161916161
1020304030200 1210024200121
303 1024348434202
10201 13481
1024348434101 1234567654321
1118161 12345654421
121242120 400080005
10000200000 10221412202
14641 4002008502004
1118161 1023336833201
8 400080104
27723 26173227162
26173227163 1210024200122
44844 100020002
44943 40000800005
5202145203 4000008000104
262883263 1223387338221
12102420121 1223387338221
484 2617287827162
1 1212225222122
27723 123454321
1023336833201 1210024200221
123454320 1004006004101
1020304030201 1232346432321
121242121 1024348434202
40804 100020001
1004006004000 1020304030202
121242120 1024348434301
44943 52014002
1002000 12345654322
12345654320 4004009004004
1234321 1004006004101
121 102030202
123454320 1223387338221
303 1002001
7 1024348434202
12102420120 1004006004101
1004006003901 1212225222221
12224037221 1232346432321
400080003 1234567654322
1020304030200 1214428244121
123454320 404090504
1234320 404090504
40000799904 1020304030202
101025101 125686522
484 1210024200121
523473 1234567654322
1002001 122348221
1002003002001 1234567654321
123454321 12102420121
1212225222120 1232346432421
14541 45044
3 11161916161
404090304 1214428244121
14641 124570421
10101 10301
12102420021 12345654321
1001901 1004006004002
10200 404090405
121242021 400080004
2621163 1233457043321
1003004503001 1024348434301
523473 400080104
100020001 1002003002002
5343 1232346432322
1234221 1234567654421
483 2621162
484 1022325232201
483 1020304030201
40000799904 40000800005
100020001 1214428244221
8 1020304030201
27723 121242121
120 1214428244122
124570421 12345654421
3 262883262
1002000 1234322
14541 40000800005
1234321 100020002
52014003 1022325232201
11261 1210024200221
1024348434101 1234567654421
303 10202
10201 1234322
4 1214428244221
1024348434201 1211124711121
1022325232201 1214428244122
125686521 10000200101
121242021 1214428244121
4008003 1020304030201
5343 1002003002001
27723 52002004502002
1214428244021 52002004502002
42874 1232346432322
121242121 1023336833201
13481 102030201
5343 40000800004
14541 10000200101
1002000 26173227162
1118161 1003004503001
104060301 404090404
1004006004000 1210024200122
40803 1004006004101
100019901 1002003002001
104060400 1022325232202
1118161 4004009004104
40000800004 1024348434301
120 584
1 124570421
122348221 1003004503001
1004006004000 1223387338221
1024348434101 1024348434201
12321 1021314631201
120 1212225222121
1001901 12102420221
40704 1023336833201
12320 12102420221
1023336833201 1211124711121
26173227163 1002003002001
44943 4004009004005
12102420121 1210024200221
10201 10000200001
1001901 121242121
400079904 4004009004005
404090403 1212225222121
4008003 4004009004104
1024348434101 1232346432321
12102420120 12345654321
102030200 1002003002002
125686521 12224037221
384 1212225222122
8 122348221
1234321 1211124711121
123454321 123454322
100019901 4000008000005
10101 14641
1000001999901 1020304030301
5202145203 1022325232301
122348221 123454421
100020001 1000002000002
12320 103045301
21 44945
1004006004001 4000008000005
1002001 1234322
40704 1022325232301
10221412101 1024348434301
120 40805
120 1020304030201
1214428244021 4002008502004
104060400 1117186317161
10000199901 1234567654321
4008003 121242122
1002000 1002002
1000002000000 1234567654321
1234320 1024348434202
404090404 1214428244221
4008004 52002004502002
1234321 4000008000004
101025101 1023336833201
9 1004006004002
1118161 1004006004002
1234221 102030301
1 1232346432322
1234321 12102420122
523473 11161916161
100020001 4000008000104
1020304030201 1214428244122
10221412101 1233457043321
52014003 26173227162
1210024200121 1210024200121
1234567654320 4000008000104
1210024200121 1214428244121
1 52014002
10221412200 4004009004104
10221412201 1012155017101
1001901 4000008000005
303 44944
400080003 1233457043321
4008004 1002003002001
101025101 400080104
12345654321 26173227162
