125686421 1213326733121
121242121 1024348434301
101025101 102030202
404090403 1002003002001
10101 40904
1002001 121242121
1234221 10221412202
12321 262883262
121242120 1117186317161
100020000 10000200101
8 2621162
124570421 1002003002001
65 1233457043321
11261 1000002000001
7 1024348434301
484 1023336833201
1024348434200 1234567654321
12102420120 1210024200221
11161916161 1234567654321
121242021 123454321
121242121 122348221
12321 121242121
10101 1001002501001
121242021 1003004503001
10101 523472
484 1002101
1212225222121 4004009004104
1024348434201 1210024200121
27723 125686522
44844 52002004502002
1000002000001 1024348434202
4 12345654421
1 1020304030301
10000200000 1210024200221
44944 104060401
14640 4008005
123454320 1024348434201
10200 14641
11161916161 1213326733121
44943 102030301
4008003 400080104
1232346432320 4000008000104
101025101 11161916161
123454321 1212225222122
1234320 112651261
125686421 1002003002101
404090404 10221412301
26173227163 4000008000104
65 102030201
262883263 12102420122
1001901 404090504
1212225222121 1232346432421
12320 1001002501001
1000002000001 4002008502004
44844 123454322
1012155017101 1234567654322
4 1232346432322
121 520001400002
12345654221 1000002000002
484 1002003002002
12321 10110806101
12224037221 1020304030201
400079904 1232346432322
1022325232101 1223387338221
1002000 1000002000002
12102420121 1001002501001
1234221 1023336833201
8 44945
484 1024348434202
7 1213326733121
101025101 1002003002002
262883263 11161916161
5343 100020001
1020304030201 1024348434202
1118161 12102420122
12102420121 1234567654321
1234221 402085204
1004006004000 1004006004001
120 13481
121242120 121242221
10200 1022325232301
122348221 11161916161
2621163 12345654321
1022325232201 1210024200221
1 10221412201
40000800004 1000002000002
1234320 4008104
404090404 1020304030301
44944 40000800104
3 1214428244221
112651261 4004009004004
42874 104060501
9 404090404
1020304030101 1210024200122
102030101 123454421
4007904 100020002
13481 520001400002
1211124711121 1234567654421
523473 121242121
9 404090504
303 100020002
1001901 123454421
13481 1117186317161
484 2621162
12345654321 4004009004104
121 100020002
9 122
14641 123454322
12221 400080104
484 104060402
1232346432320 4000008000005
11161916161 1211124711121
102030201 40000800004
40803 1234421
10000200001 4004009004104
12321 404090405
5343 400080005
121242121 5202145202
10221412101 12345654321
100020000 1002003002001
1214428244120 4000008000104
14640 523472
103045301 10000200101
10101 4000008000004
14640 4008004
4 404090405
104060301 123454421
42874 100020101
102030201 1003004503001
303 1210024200221
102030101 40000800004
1000001999901 1210024200221
40704 1223387338221
484 40000800004
3 1223387338221
1024348434201 1214428244121
384 10221412301
1001002501001 1024348434301
400080004 4004009004104
9 1000002000002
10200 123454322
404090404 2617287827162
400080004 1002003002101
1004006003901 4002008502004
10110806101 520001400002
1212225222120 1232346432322
2621163 100020101
12221 1210024200122
404090304 1004006004001
42874 262883262
120 10301
484 1223387338221
2621163 1024348434301
1004006004000 1023336833201
2621163 12224037221
1234321 1000002000002
12320 1211124711121
102030200 40000800005
121242120 11161916161
4008003 102030202
11161916161 1022325232201
484 12102420221
104060401 12102420221
100020001 1020304030201
400079904 1214428244121
1002003001901 4002008502004
12221 100020101
384 1024348434202
4008004 40000800004
42874 1232346432421
52014003 1232346432321
10221412201 1000002000001
14640 26173227162
40704 10221412202
100019901 125686621
10201 1012155017101
1002000 1234321
12221 402085204
40704 1002002
101025101 12102420121
1024348434201 1223387338221
400080004 40000800005
1001002501001 1232346432421
1234221 12345654421
12102420121 520001400002
102030200 1012155017101
103045301 1117186317161
44844 1002101
27723 12102420221
40803 40000800004
14541 404090405
12102420021 12102420122
4008004 40000800104
1004006003901 1210024200122
10110806101 1020304030201
104060400 4004009004104
10221412200 1004006004101
1210024200121 1214428244122
121242021 12345654322
12320 14741
52014003 1002003002001
12102420021 1212225222221
14541 11161916161
42874 122348221
4 5342
121242120 1012155017101
112651261 12224037221
484 5202145202
104060301 12102420221
100020000 1012155017101
384 1214428244221
123454221 1021314631201
303 1020304030201
27723 125686521
1024348434101 1233457043321
40000799904 4004009004004
120 100020002
40704 1232346432421
42874 40000800104
12345654221 4004009004005
384 4008004
125686521 1024348434202
2621163 10221412201
121242021 125686522
42874 12345654321
40704 10221412201
42874 1212225222221
27723 1022325232201
5343 121242221
123454221 10000200002
4008003 1002003002001
40704 40805
12102420021 1234567654421
9 12102420122
123454321 10221412201
11261 12345654321
123454321 4000008000104
121242121 1002003002101
122348221 1020304030202
12345654321 1214428244122
1023336833201 1214428244221
12345654320 1004006004002
5202145203 12102420221
10201 10202
123454320 4000008000005
1212225222021 1212225222122
1022325232101 4000008000005
384 125686522
384 1002003002101
52014003 12345654321
10201 14641
121 12421
121242120 1023336833201
21 1000002000001
10000200000 1004006004001
26173227163 1024348434202
523473 12102420121
1233457043321 4004009004004
12224037221 1234567654321
404090403 1214428244121
10110806101 4004009004005
404090403 26173227162
104060401 1214428244122
104060401 4004009004104
123454321 404090504
11261 402085204
100019901 4000008000104
121 10202
12345654321 1117186317161
11161916161 1117186317161
483 1234567654421
1012155017101 1234567654421
40000799904 1234567654421
120 12102420121
1 1000002000002
104060301 26173227162
11261 123454421
102030201 1012155017101
112651261 2617287827162
12102420021 1002003002001
27723 4000008000104
400080003 1002003002002
12320 1212225222221
40000800004 1117186317161
1232346432320 1233457043321
40804 1213326733121
1024348434201 4000008000104
14641 26173227162
1004006004001 1212225222121
1020304030201 4000008000004
1004006004000 1211124711121
14641 40805
100019901 1002003002002
1117186317161 1212225222221
102030200 262883262
262883263 52002004502002
12224037221 4000008000004
40000799904 1021314631201
14641 102030301
4008004 400080004
1214428244120 1234567654321
1214428244021 1232346432321
1020304030101 1234567654322
102030101 1234567654421
3 1210024200122
1000002000000 1023336833201
104060401 1210024200221
40803 4002008502004
1 4000008000005
44943 104060401
102030201 400080005
1022325232200 4000008000005
7 2617287827162
10000200001 1234567654421
14640 1004006004002
123454321 40000800004
4008004 125686621
27723 1020304030301
10200 125686522
10000200000 1024348434301
42874 1212225222121
13481 40805
1001901 402085204
12321 100020002
123454320 1002003002002
3 1213326733121
40704 523472
400080004 1212225222121
27723 101025101
65 100020101
120 1004006004101
10000200000 12224037221
123454321 40000800104
44944 1232346432322
1003004503001 1020304030301
10000200000 1022325232201
121242120 404090404
1000002000000 4004009004104
1001901 52014002
102030101 123454322
4 104060402
1 44944
3 10000200001
40000800004 1002003002002
520001400003 1020304030201
14640 40805
123454221 1002003002101
3 40000800005
121242120 1022325232301
1002003001901 1234567654321
104060301 1022325232301
65 12102420121
5202145203 1210024200221
12321 1232346432321
10201 12102420121
12321 121242122
1022325232101 1210024200221
100019901 1233457043321
12321 1233457043321
3 42874
4 1004006004002
1022325232201 1210024200122
12320 1212225222122
102030200 1020304030201
100020001 10221412201
100020000 1022325232301
10200 4000008000104
1000002000000 4000008000104
484 4004009004004
1024348434101 4004009004004
4 1233457043321
1234321 102030202
1003004503001 1020304030201
4 404090404
121242120 4000008000104
404090404 5202145202
1020304030200 1213326733121
400080003 40000800104
1000002000001 1214428244122
14641 1024348434301
1020304030200 1020304030201
4 102030301
9 2621162
1012155017101 1210024200122
120 10000200001
12221 4004009004005
1213326733121 1214428244122
1234221 10000200002
10000199901 1213326733121
1234221 12102420122
1000002000001 1003004503001
12102420021 1002003002002
4007904 400080104
1234567654321 52002004502002
1234221 12345654321
10221412201 1234567654421
484 125686522
520001400003 1020304030301
10201 1002002
104060400 1234567654322
102030101 1001002501001
484 1232346432321
11161916161 40000800005
1012155017101 1234567654321
52014003 100020002
1 302
10000200000 10000200002
1211124711121 1212225222121
14641 40000800104
125686520 1002003002002
303 112651261
1234321 103045301
104060301 10221412202
12320 12421
10221412201 1021314631201
122348221 12345654421
125686520 1024348434301
112651261 52002004502002
21 1002001
12221 2617287827162
1234320 1211124711121
400080003 10000200002
40000800003 1012155017101
12102420120 1232346432321
1002000 4000008000104
121242121 1022325232202
10101 1000002000101
1234320 1020304030201
2621163 10221412202
123454321 12345654321
52014003 40000800005
10200 1210024200221
402085204 1210024200221
13481 123454321
121242021 10221412202
3 121242121
303 125686522
40000800003 1024348434301
65 44944
121242021 10000200002
12102420021 52002004502002
5343 12345654321
4 1002003002001
10200 2621162
7 1210024200121
1234320 40000800004
14640 1021314631201
1020304030101 4004009004005
12345654320 1212225222121
10110806101 1002003002002
1003004503001 1022325232202
384 45044
42874 103045301
14640 1024348434202
121242121 1232346432421
1210024200121 1212225222121
4008003 4008005
12224037221 1024348434202
12321 1234567654421
262883263 10110806101
121242021 1022325232201
484 121242221
27723 1003004503001
5343 1118161
12320 1000002000001
484 104060401
104060401 40000800005
400080004 1232346432321
14640 2617287827162
10110806101 1212225222122
125686421 1020304030202
123454221 10110806101
4008004 1022325232301
102030201 104060401
12221 1234567654322
14640 10110806101
1022325232101 1214428244221
12320 40000800005
404090304 10000200101
484 1004006004101
523473 102030201
4008004 121242121
3 10221412202
122348221 1000002000002
12224037221 1004006004002
1002003002000 1234567654421
104060401 104060402
52014003 10221412301
21 12345654321
121242021 123454421
1 11261
10221412200 1214428244122
21 484
484 121242122
21 1212225222121
121 1234322
1234320 4004009004104
44944 1022325232202
14641 10221412301
1004006004001 1022325232202
10101 1232346432321
1212225222120 4000008000004
384 1234321
262883263 12102420221
102030201 1024348434201
1024348434200 1210024200121
125686520 4004009004104
1004006004001 1022325232201
104060301 4004009004005
483 523472
1002003002000 1213326733121
1234567654320 1234567654322
7 40000800005
10221412101 1000002000101
523473 4000008000005
103045301 10221412301
40704 1118161
1213326733121 4004009004005
1 400080104
12345654221 1117186317161
44844 26173227162
12102420021 1212225222122
102030200 123454321
400080004 1002003002001
124570421 1210024200221
1234320 1024348434201
11261 122348221
112651261 1223387338221
10101 125686621
1020304030201 1020304030202
1 1117186317161
1004006003901 1214428244121
26173227163 1211124711121
10201 4000008000004
1020304030101 1210024200121
10000199901 1212225222121
262883263 520001400002
10101 123454421
52014003 104060501
125686521 4000008000005
1 4002008502004
520001400003 1212225222122
121242021 1022325232301
11161916161 40000800104
104060401 1211124711121
65 123454421
104060301 1012155017101
9 584
121242021 1004006004101
1234320 4008005
101025101 10221412301
123454321 10000200101
1234221 1213326733121
27723 100020001
1002000 1234567654322
1 1232346432321
4008003 11161916161
10200 1234567654321
11261 4008004
10110806101 1214428244121
120 1002003002101
4007904 1214428244221
1012155017101 1232346432421
125686421 1020304030301
5343 12322
123454221 10221412202
12321 104060401
1000002000000 1001002501001
123454320 12345654421
100020000 4000008000005
26173227163 1021314631201
1234321 40000800104
1002003002001 4004009004005
483 1118161
303 12102420122
1234221 1002003002002
3 4002008502004
5343 12345654421
10000200000 11161916161
523473 1003004503001
102030201 12224037221
123454321 1022325232301
3 4004009004104
303 1232346432321
102030200 26173227162
9 1234322
10110806101 1002003002001
11161916161 2617287827162
11261 14642
483 13481
52014003 5202145202
483 1002001
44944 2621162
404090304 1212225222122
123454321 1000002000101
12320 1002003002001
123454320 4000008000104
65 1004006004001
40704 1001002501001
123454221 1234567654421
13481 402085204
52014003 123454322
1004006004001 4000008000004
112651261 1234567654321
21 400080005
1002000 1020304030301
303 400080104
4008003 10000200101
404090304 4004009004104
303 520001400002
125686521 4002008502004
26173227163 1232346432421
12224037221 1023336833201
1003004503001 1212225222221
303 1022325232301
121 1004006004101
40000799904 4000008000104
102030101 1012155017101
10201 1000002000001
14640 1210024200122
523473 1002003002002
13481 10221412201
483 40000800004
1001901 102030202
4 10202
2621163 12102420122
4008004 1024348434301
120 1118161
8 100020101
1234320 10000200001
14640 1234567654322
1213326733121 52002004502002
40804 10000200101
12345654320 1210024200122
1022325232101 1233457043321
1021314631201 52002004502002
14641 1022325232201
483 4008005
1023336833201 1233457043321
12102420021 520001400002
121242120 1020304030301
122348221 123454322
7 26173227162
52014003 1212225222122
4007904 1022325232201
12102420121 1023336833201
102030101 10110806101
303 1234421
1213326733121 4004009004004
102030200 102030201
4000008000005 4004009004003
1 1020304030202
122348221 52002004502002
12321 12421
10200 1022325232202
10221412201 1211124711121
9 121242221
103045301 125686522
44844 10000200002
10000200000 12345654322
10221412201 1003004503001
11261 10221412301
3 40904
21 10000200002
400079904 52002004502002
1234221 1214428244121
65 40000800004
1234567654221 1234567654421
125686520 1211124711121
1002003002001 1213326733121
40000799904 1024348434301
120 5342
1012155017101 1023336833201
1234320 4004009004004
40803 125686522
10201 2621162
4008003 1002003002101
303 1212225222122
112651261 1020304030202
40704 400080104
121 27722
1210024200120 1212225222121
44844 101025101
103045301 1004006004002
1 26173227162
14541 404090504
102030101 1004006004001
1002000 102030202
12102420120 1020304030301
484 584
1002003002000 1020304030301
104060301 1024348434201
1210024200021 1210024200122
44943 102030201
9 1024348434202
42874 1024348434201
1 5342
13481 1210024200221
1020304030201 1021314631201
12320 4008104
404090404 1012155017101
12321 4002008502004
40000800004 1020304030202
4008004 100020101
1001002501001 1234567654321
1234221 400080004
102030101 104060402
104060400 4000008000005
112651261 12345654322
1001002501001 1020304030202
125686521 1000002000002
1003004503001 4004009004004
102030201 4004009004104
123454221 1022325232301
10110806101 4000008000104
10200 45044
483 1002003002002
123454221 12102420122
3 12224037221
101025101 1117186317161
2621163 123454421
14541 12102420121
4007904 125686521
10200 12345654322
10101 4008005
10000199901 12224037221
10110806101 1022325232202
27723 10000200002
12320 1002003002002
42874 123454322
384 12321
100019901 1000002000002
12102420021 12102420221
104060400 40000800005
523473 12102420122
112651261 125686521
44943 100020002
40000799904 1210024200121
12345654221 40000800004
3 1020304030201
1000002000001 4000008000004
44944 1210024200122
12320 121242221
8 12321
121242121 1234567654321
120 1024348434202
4008003 121242221
4 1022325232202
52014003 4000008000104
11261 103045301
125686521 1117186317161
40803 4008104
42874 26173227162
112651261 1004006004001
10000199901 1212225222221
1002001 1022325232202
1118161 10000200101
1002003002000 1020304030201
4008004 121242221
120 4004009004005
10221412200 12345654322
10101 1002001
5343 1214428244122
40803 1232346432421
1214428244120 1233457043321
1234321 4008104
262883263 404090504
1024348434200 4002008502004
1002001 52002004502002
14640 1000002000002
40704 1234421
12321 1212225222121
12320 104060401
9 1223387338221
520001400003 1210024200121
100019901 400080005
1002000 122348221
121 26173227162
1117186317161 4002008502004
1210024200021 1232346432421
1234320 1020304030202
1001901 400080005
121242121 1004006004002
523473 404090504
7 14741
1234320 102030301
21 5342
104060400 404090504
100020001 400080005
384 4002008502004
1234221 10221412301
9 12345654421
10221412101 2617287827162
10101 12102420221
404090403 1002003002101
10201 1000002000002
12345654321 4002008502004
13481 1023336833201
303 262883262
10200 10301
1234320 12345654322
1118161 121242221
123454321 1232346432322
100020001 40000800104
100020001 100020001
1214428244021 1232346432421
12221 12102420221
125686421 1024348434301
10000200000 1117186317161
1002003001901 1210024200122
4 5202145202
40804 125686521
12224037221 1024348434201
1002003001901 1024348434301
112651261 1004006004002
10000199901 1000002000002
483 1000002000002
1 102030201
12224037221 1021314631201
4008003 1211124711121
27723 10221412202
1210024200120 1232346432421
10200 1004006004002
42874 40000800004
125686521 1002003002002
65 10201
520001400003 1022325232202
102030200 4004009004005
21 262883262
14541 1212225222221
100020000 104060401
121 1001002501001
102030101 1213326733121
1004006004000 1024348434202
102030200 10000200101
104060301 1020304030201
10201 103045301
104060301 1212225222121
100020001 400080104
10200 400080104
112651261 121242122
21 1212225222122
9 26173227162
40000799904 1022325232301
13481 123454421
12345654320 1234567654321
11261 102030301
12102420021 1000002000002
11261 104060401
484 520001400002
11261 44944
4 40000800005
121242120 402085204
484 1212225222221
10101 1118161
5202145203 1004006004001
1001901 400080004
12102420021 1024348434201
9 12345654322
5343 1000002000001
1214428244121 1232346432321
12321 125686521
100020000 1001002501001
11261 102030202
40704 4000008000004
10201 123454421
404090304 404090404
12224037221 1214428244221
404090404 1004006004101
100019901 10110806101
404090304 1020304030301
1212225222120 4000008000104
9 302
1002003001901 1022325232201
1001002501001 1212225222122
1214428244021 1223387338221
1 4000008000104
104060301 12224037221
4008004 1232346432421
5343 1024348434202
1000001999901 1212225222121
1001901 262883262
125686520 12224037221
121242021 1004006004001
520001400003 1002003002001
121242121 1214428244121
65 122348221
4008003 2617287827162
102030101 4002008502004
400079904 1002003002101
112651261 1211124711121
11161916161 1012155017101
10201 1003004503001
65 1223387338221
44944 1004006004002
7 1000002000001
8 122
10200 1213326733121
52014003 1002003002002
1023336833201 2617287827162
9 1214428244221
44944 52014002
1002003002000 1210024200121
12345654320 1214428244221
10221412201 1022325232202
1002003002000 52002004502002
10101 40805
4008003 1232346432321
1001901 100020002
12321 40804
400080004 1021314631201
10110806101 12345654321
483 1022325232301
520001400003 1234567654322
44844 1024348434201
483 1002101
402085204 1004006004002
9 1213326733121
404090404 1002003002001
9 4000008000004
1022325232201 1024348434201
121242121 123454322
400079904 520001400002
40704 40000800104
121 1002001
404090304 1210024200122
400080004 1022325232301
121242021 121242121
1118161 1004006004101
10000200001 1002003002002
12345654221 1000002000001
44943 40000800004
3 26173227162
523473 2617287827162
400079904 1232346432321
42874 520001400002
124570421 402085204
10200 1020304030301
125686520 1022325232202
10200 104060501
1118161 1212225222121
1012155017101 1232346432322
14641 52014002
121 1000002000001
11261 1001002501001
104060401 4000008000004
1213326733121 4000008000005
1234320 400080104
13481 1000002000002
14541 122348221
12102420121 1211124711121
402085204 10000200001
121 10110806101
125686520 12345654421
102030201 125686522
12345654221 12345654421
1000001999901 1000002000101
1020304030201 1233457043321
125686421 125686522
1012155017101 1022325232202
21 125686522
44844 1232346432421
104060301 10000200002
1002001 1012155017101
14641 10110806101
5343 1020304030202
1020304030200 1234567654321
2617287827163 4000008000005
44844 12102420221
44844 1234322
123454321 123454421
1211124711121 1232346432321
14640 1020304030301
104060301 40000800004
12321 14741
40803 12102420122
40000800003 1232346432322
3 1232346432321
404090403 1214428244122
404090304 1234567654421
1210024200021 1233457043321
5202145203 1000002000002
1002003002000 1214428244121
1002003001901 1004006004002
120 14741
1002003001901 4004009004104
10221412200 26173227162
1000002000000 1004006004002
384 10110806101
123454320 1212225222121
44943 1000002000101
404090404 52002004502002
104060400 52002004502002
14641 121242122
52014003 121242122
384 1020304030201
13481 27722
52014003 1003004503001
40000800003 1233457043321
5343 125686522
10200 12345654321
3 1210024200121
125686421 1012155017101
1 1002001
121242121 1214428244122
100020000 1000002000002
3 1002003002001
1214428244121 1233457043321
26173227163 1020304030201
400080004 1223387338221
120 302
12102420021 4000008000005
1234221 1000002000101
125686421 520001400002
1213326733121 1214428244221
40803 1003004503001
1002003002000 1002003002002
1020304030101 1212225222122
1118161 4008004
1214428244021 4000008000005
40804 12224037221
40704 1004006004002
12320 1020304030202
4007904 1024348434202
123454221 12345654421
4008003 112651261
12221 1223387338221
1234320 1000002000001
2621163 1024348434202
5343 1233457043321
1 123454421
3 1234567654421
10000200000 1002003002101
4008004 26173227162
1020304030101 1234567654421
65 122
1233457043321 4000008000004
10200 10000200002
123454321 5202145202
1022325232200 1212225222122
12345654221 1022325232202
2621163 102030301
104060301 104060402
100019901 11161916161
21 52002004502002
1234321 4004009004004
1022325232201 1212225222122
52014003 10221412202
400080004 1213326733121
103045301 1024348434202
2617287827163 52002004502002
12321 1024348434201
1 12421
1002000 1211124711121
1000002000000 1232346432322
12221 14642
120 26173227162
4008004 102030301
484 1213326733121
10110806101 12345654421
121242121 1000002000002
40704 121242122
21 10000200001
484 5342
404090404 12345654322
123454320 1232346432321
262883263 10000200001
27723 523472
104060401 10000200001
10221412200 11161916161
10200 44944
10200 40000800005
5202145203 1000002000101
303 123454421
1214428244021 4004009004005
303 1213326733121
100019901 10000200101
1002001 1020304030202
1210024200021 1212225222121
125686521 1232346432322
125686521 125686621
2621163 1210024200121
44943 1021314631201
10221412201 1020304030301
384 12224037221
1212225222021 4000008000005
125686521 1012155017101
4000008000004 4004009004104
1002003002001 1004006004001
100020001 404090404
100020001 101025101
5343 104060401
484 122348221
1024348434200 1214428244122
65 13481
402085204 10000200101
2621163 52014002
483 12345654322
8 302
1012155017101 1022325232201
121242120 121242121
65 1000002000001
123454321 1234567654321
12320 1003004503001
7 1211124711121
112651261 40000800104
112651261 1233457043321
102030101 1234567654321
44844 1002003002101
1118161 1233457043321
1003004503001 1234567654321
13481 1232346432322
12221 12102420121
2621163 123454321
12320 404090405
10000200001 1214428244122
21 1024348434202
402085204 12102420122
12320 2617287827162
400080004 12102420121
5202145203 1232346432321
12102420120 40000800005
3 1211124711121
120 40804
4008004 10221412301
65 12421
120 1232346432321
3 104
1002003002001 1210024200122
400080004 12224037221
1000002000000 1210024200122
523473 122348221
262883263 1002003002002
121242021 4004009004005
1021314631201 1022325232301
125686421 12345654421
384 104060401
102030200 1001002501001
21 1002002
1 1214428244121
104060400 1232346432321
100020000 124570421
4 102030201
1000001999901 4000008000005
10221412201 12345654321
1022325232200 4004009004005
123454320 12224037221
484 404090504
1117186317161 1214428244122
523473 103045301
10221412200 40000800004
1002003002001 1210024200121
303 101025101
483 40000800104
125686421 404090504
262883263 1212225222122
12321 4004009004104
12224037221 1213326733121
125686421 4004009004104
484 52002004502002
100020000 1232346432321
12221 1234567654321
121242121 1210024200221
12224037221 4002008502004
400080003 1214428244122
404090404 404090405
10200 1002003002002
4004009004003 4004009004004
404090403 1024348434201
104060401 12224037221
4008003 262883262
100020001 1001002501001
13481 121242121
483 102030202
11261 123454321
102030201 404090405
14541 10000200002
1004006004001 1232346432321
1212225222121 1212225222221
5343 4000008000004
52014003 1214428244121
7 100020001
1001901 1004006004101
1117186317161 1210024200121
65 1232346432322
384 2617287827162
1210024200120 1210024200121
100020000 1210024200221
10201 1004006004101
121 52014002
14641 1020304030301
262883263 400080104
7 400080005
1002001 1024348434201
4007904 104060501
1001901 1002003002002
12345654320 4004009004104
4008003 102030201
122348221 12345654322
125686520 1214428244121
1002003001901 1020304030202
102030101 4000008000004
125686521 12102420122
1234567654221 4000008000004
9 1214428244122
7 1022325232301
1000002000000 1024348434301
483 2617287827162
10101 12102420121
102030101 125686522
484 1000002000001
1001002501001 1004006004002
1234320 102030202
102030101 1024348434301
21 40000800104
1234321 104060501
40704 1232346432321
262883263 12345654421
1234321 125686522
1000002000000 1002003002002
10201 10301
483 52014002
12224037221 1210024200221
12345654321 1021314631201
14641 1210024200221
100020001 123454421
21 1234567654421
14541 1234321
10000200001 1021314631201
26173227163 1000002000101
104060401 1212225222122
2621163 101025101
21 12321
1004006004001 1210024200121
4008004 104060401
10000199901 1214428244122
11261 125686521
123454320 1000002000101
40804 4002008502004
4 123454421
10221412101 1020304030201
10101 1212225222221
27723 42874
1001901 1024348434201
100020000 102030301
121242120 123454322
9 1210024200221
4008004 520001400002
121 11161916161
1022325232101 1212225222121
303 1210024200121
1020304030201 1022325232301
262883263 4004009004104
125686421 10000200002
4008004 1004006004001
121242021 125686521
52014003 1004006004101
40704 44944
10200 4004009004104
44943 1000002000002
1001901 10110806101
12320 1117186317161
5343 1212225222121
11161916161 1024348434201
121242021 12102420122
14641 12224037221
40704 4008104
3 40804
1234320 404090404
103045301 1020304030301
1001901 52002004502002
12221 40804
4008004 2617287827162
10110806101 1232346432322
100020001 1020304030202
523473 1020304030301
384 11161916161
10101 1002003002101
4008004 1001002501001
65 485
40000800004 520001400002
384 1234567654322
121 42874
1000001999901 1233457043321
5343 14642
8 12322
14641 14741
404090404 1004006004002
42874 4004009004104
1002000 124570421
1212225222021 4000008000004
40000799904 1212225222122
52014003 10000200101
1002003001901 1024348434202
104060400 121242121
5343 52002004502002
1002000 40000800005
384 5202145202
400079904 12102420121
1118161 1212225222221
102030200 112651261
40803 4004009004104
1212225222120 52002004502002
121242121 12102420121
21 1000002000101
44944 10221412202
1211124711121 1214428244121
14641 121242121
100020001 520001400002
52014003 10000200002
12102420021 1223387338221
402085204 10221412202
1212225222021 1212225222121
3 104060401
12102420121 1022325232201
303 1004006004001
11161916161 1232346432321
1004006004000 1210024200221
1002000 1001002501001
1002003001901 1210024200221
102030101 121242221
523473 2621162
103045301 1234567654321
100019901 40000800005
1000001999901 1234567654321
1004006003901 1210024200121
10201 1234321
404090403 1002003002002
10000200001 1212225222122
10201 27722
1234321 100020001
12320 1024348434301
44944 1024348434202
13481 100020001
44844 1002002
21 1000002000002
1024348434101 4000008000004
40803 404090504
11161916161 4004009004104
9 52014002
1214428244121 1214428244121
21 4000008000104
4 1212225222221
1234221 1233457043321
12102420121 1214428244121
1024348434101 4000008000104
1234221 520001400002
21 4004009004005
123454321 520001400002
14541 4002008502004
102030101 1002003002002
384 4004009004004
9 123454321
65 40000800005
1118161 1211124711121
10101 12421
10000199901 1002003002001
11161916161 12224037221
104060301 40000800104
1002003002000 1020304030202
12320 52014002
65 4008005
4 1000002000101
400080003 12345654421
101025101 1024348434201
402085204 1223387338221
262883263 1024348434201
104060401 1020304030201
5343 102030202
484 124570421
40000800003 1210024200122
121242021 1002003002001
1234221 1223387338221
100019901 10000200002
1020304030101 1024348434202
523473 400080004
404090304 1022325232201
13481 45044
100020001 404090504
104060301 1210024200122
4 100020001
404090404 1000002000101
12321 10221412301
12345654321 12345654321
104060400 402085204
1021314631201 1117186317161
8 104060402
10221412201 1233457043321
4 4000008000005
1022325232201 1212225222121
104060301 112651261
1002003002000 1233457043321
12320 12224037221
4 400080005
12102420120 12102420121
404090404 1023336833201
14541 1024348434301
12320 1021314631201
125686421 404090404
65 125686522
404090304 11161916161
10221412200 1020304030202
102030201 1214428244221
4004009004003 4004009004104
523473 1024348434202
112651261 122348221
5343 1022325232201
44943 404090405
1234320 4000008000005
303 123454321
1234221 121242122
123454221 11161916161
10200 400080004
9 402085204
5343 10110806101
44944 1117186317161
1002001 1001002501001
303 10201
12221 40805
26173227163 1022325232202
484 402085204
102030200 1223387338221
104060301 1232346432322
10200 523472
100020001 1210024200122
27723 1002001
125686421 1004006004101
1002001 125686521
10000200001 26173227162
8 44944
120 1002101
400080004 1004006004101
102030101 1022325232301
8 125686522
27723 1022325232202
102030101 5202145202
384 1211124711121
10200 121242122
125686521 1234567654322
400080003 2617287827162
4 1117186317161
5202145203 1234567654321
13481 10000200001
120 1022325232201
44944 44944
384 1001002501001
100019901 10221412301
121242120 125686522
10200 125686621
1210024200021 4004009004004
384 40904
40804 125686522
404090404 10110806101
400080004 1024348434202
7 4008005
10221412101 1212225222121
52014003 1223387338221
484 1022325232301
1000001999901 52002004502002
2621163 1211124711121
1022325232200 1232346432322
11161916161 1002003002002
1234221 112651261
27723 1118161
103045301 12345654321
10201 40804
1012155017101 1212225222121
44943 1004006004101
40000800003 4002008502004
483 1210024200122
384 121242122
1000002000001 1234567654421
124570421 12102420122
1232346432221 4004009004004
12221 1233457043321
404090304 1223387338221
40803 40805
523473 10000200002
303 100020001
523473 1212225222221
8 10221412301
102030201 12102420221
40000800004 1214428244121
13481 12345654321
3 10110806101
14541 1000002000002
44944 1012155017101
121242021 1232346432322
101025101 1022325232201
101025101 10000200002
12221 100020001
12345654320 12345654321
21 121242121
404090304 1002003002002
12321 1118161
1232346432320 1234567654421
404090404 1022325232201
1000002000000 1234567654322
44943 121242122
7 1002001
5343 1234567654321
21 1002101
14640 1223387338221
1002003001901 1223387338221
4007904 100020001
7 100020002
404090404 10000200001
4008003 4008104
42874 1000002000002
103045301 1213326733121
1213326733121 1232346432321
4008003 4008004
1001901 104060501
4007904 4004009004005
125686520 125686522
40804 40000800005
12345654321 1212225222121
12345654321 1234567654322
1020304030101 4004009004104
125686421 4002008502004
400080003 4002008502004
12345654320 520001400002
1012155017101 4002008502004
42874 12345654322
125686421 10000200101
4008004 1212225222121
523473 40000800104
1012155017101 1021314631201
1234221 1234322
1118161 1212225222122
262883263 1210024200121
121242021 12102420121
1024348434101 1210024200122
27723 1214428244221
1002003001901 1213326733121
10101 10000200002
1000002000001 1020304030201
1022325232200 4004009004004
102030101 40000800005
8 1234321
3 1020304030301
1002000 12345654321
10221412201 1214428244221
1234321 12102420221
101025101 121242221
1002000 100020101
123454320 4004009004004
1020304030101 4004009004004
1020304030201 1210024200122
40803 400080104
121242121 4000008000004
121 12345654322
523473 402085204
1022325232101 1212225222221
12320 10000200101
103045301 121242121
2621163 1023336833201
1002001 1214428244121
1001002501001 1234567654421
10000199901 12102420221
52014003 1214428244221
3 12345654322
14640 404090404
1002000 12102420221
21 1212225222221
40000799904 1012155017101
1 10000200101
1000001999901 1024348434201
12345654320 1212225222221
40000800003 1004006004001
42874 4000008000104
1000001999901 1210024200121
1022325232201 1024348434202
102030101 2617287827162
5202145203 1214428244221
40803 10000200002
40803 1002003002002
9 1002003002101
27723 1024348434301
12221 1002003002101
121 402085204
1212225222021 1214428244121
40704 4008004
4 402085204
9 12321
123454221 12224037221
404090304 4004009004005
104060301 1223387338221
303 123454322
4007904 4008004
42874 1021314631201
42874 10221412301
100019901 1000002000001
10221412201 4004009004004
65 1024348434202
400080004 1234567654321
1210024200121 1223387338221
102030101 520001400002
44943 103045301
1002003001901 1004006004001
10201 1002003002101
123454221 404090404
44844 12345654322
1 12102420221
484 10221412301
12321 1210024200221
10201 12345654321
21 5202145202
5202145203 12345654322
44943 10000200101
123454320 26173227162
125686521 1000002000101
12221 1234421
1020304030201 1214428244221
100019901 100020001
8 402085204
5343 1012155017101
484 10202
4007904 402085204
12224037221 12345654321
12321 1002101
14541 1214428244221
1001002501001 1214428244121
11261 523472
10201 4000008000104
8 404090404
10221412101 4004009004005
104060401 1022325232202
104060400 1212225222122
104060401 1232346432322
14640 104060402
4 1004006004101
124570421 5202145202
112651261 121242121
12221 4004009004004
101025101 12345654321
1002003002000 1212225222122
1211124711121 4002008502004
1234221 10221412201
27723 262883262
112651261 1232346432321
12102420021 1004006004101
404090304 1003004503001
40803 1210024200122
1020304030200 1022325232202
4008003 1021314631201
10221412101 1002003002001
10201 1024348434201
101025101 1000002000101
44844 102030301
12345654320 1003004503001
123454321 400080005
12321 125686522
121242121 125686621
40704 1002101
1002003002000 1210024200122
10221412201 4000008000104
1 102030301
40803 4000008000005
100020000 520001400002
520001400003 52002004502002
2621163 125686621
14640 104060501
52014003 1024348434202
4008003 1212225222121
121242120 12345654322
121242021 1234567654421
103045301 122348221
100019901 1232346432421
1020304030201 1211124711121
3 4000008000104
1002003002001 1117186317161
121242121 1214428244221
14640 100020001
10201 1118161
5202145203 52002004502002
123454320 10000200101
1 121242221
1004006003901 1004006004001
1004006004000 1232346432321
40000800004 4002008502004
1022325232201 1210024200121
10110806101 1000002000001
44943 11161916161
40000799904 1020304030301
42874 4000008000005
10110806101 1020304030202
384 121242221
400080003 1004006004101
1002000 1234567654321
1004006004001 1232346432421
12224037221 1002003002002
123454321 1232346432421
10221412200 1023336833201
12320 12345654421
65 1214428244122
14541 42874
27723 1000002000002
123454320 10221412201
121 400080104
520001400003 4000008000004
125686521 12345654321
5202145203 1213326733121
4 123454321
1000002000001 4000008000104
1 101
1234321 1234421
1002000 262883262
40704 1232346432322
12102420120 1002003002101
121242120 40000800104
4 12224037221
103045301 1000002000101
1211124711121 4004009004104
40804 45044
1002001 100020101
40804 1234567654322
122348221 1234567654322
14541 1003004503001
102030101 103045301
402085204 10221412301
9 123454322
14541 10221412201
8 1118161
1000002000000 1020304030202
5202145203 4004009004005
12345654320 1117186317161
400080003 1012155017101
104060401 125686521
12102420021 1020304030201
52014003 1004006004002
400079904 400080004
123454221 4000008000005
12345654321 1024348434201
3 125686521
10000200001 12102420122
1020304030101 1024348434201
1000001999901 1004006004001
1000002000001 4004009004004
303 4004009004004
121242121 52002004502002
4008004 125686521
27723 404090504
10221412101 1020304030202
101025101 40000800004
11261 1000002000101
7 9
123454221 52002004502002
10221412201 52002004502002
12102420021 12345654322
42874 1004006004101
13481 262883262
14641 1234322
4008004 1004006004002
122348221 40000800004
40803 1213326733121
1 484
12102420120 1210024200121
400079904 1212225222221
1004006003901 1214428244122
40804 40904
14640 1023336833201
12102420120 1024348434301
10221412201 12102420221
11161916161 1233457043321
2621163 1020304030201
100019901 1212225222121
14641 402085204
400079904 10110806101
1001901 1232346432421
40704 101025101
124570421 11161916161
1118161 10221412202
42874 1118161
520001400003 1233457043321
14541 123454321
42874 12345654421
14541 12345654321
1234321 10221412201
10221412200 40000800005
40803 124570421
102030201 404090504
9 125686522
52014003 12224037221
1234221 103045301
4008004 1004006004101
52014003 1022325232202
14541 14741
123454321 1211124711121
3 104060402
1001901 1232346432321
122348221 10110806101
12321 44944
520001400003 4000008000005
40804 1211124711121
10200 1210024200121
523473 400080005
103045301 112651261
40804 12345654421
523473 262883262
10000199901 12345654322
8 1022325232201
483 4002008502004
400080003 40000800005
40000799904 520001400002
3 10000200002
125686421 1002003002002
404090403 1012155017101
3 14741
102030200 404090405
1022325232201 1232346432321
121242021 4002008502004
483 40804
44944 1004006004101
11261 4002008502004
125686421 11161916161
5343 400080104
12345654221 1234567654322
1002003002000 1210024200221
12221 404090404
12345654221 4000008000004
14640 4000008000104
404090304 1024348434201
10101 1020304030301
1212225222120 1213326733121
483 1024348434202
12320 13481
1118161 100020002
1022325232201 1022325232202
483 1212225222122
10201 1022325232301
2621163 1003004503001
11261 1118161
400079904 4004009004004
10000200001 1210024200121
14641 42874
21 1118161
11261 121242221
1234320 1223387338221
1024348434200 1024348434301
303 1002003002002
10000200001 1004006004001
42874 1020304030202
1212225222021 1234567654322
1001901 4004009004004
1002003001901 1002003002002
3 302
404090403 1020304030202
1000001999901 1210024200122
40704 1022325232202
122348221 1021314631201
14640 4000008000004
102030101 121242121
1211124711121 1232346432421
1234221 12102420221
1118161 40000800104
14641 1022325232202
44844 1233457043321
1 523472
4007904 12345654321
12345654320 1000002000001
12345654320 1233457043321
52014003 1020304030301
2617287827163 4004009004005
2621163 10000200101
14640 40804
1022325232200 4004009004104
4008003 402085204
4008004 12345654321
27723 1024348434201
10000199901 40000800005
125686520 1021314631201
14541 103045301
5202145203 520001400002
400080003 1022325232202
100020000 1211124711121
10200 1234421
12321 14641
12345654321 40000800005
404090304 404090504
1212225222121 1214428244221
121 123454322
1002001 4008005
101025101 123454322
12320 520001400002
1 1233457043321
44943 1210024200121
1021314631201 4000008000005
121 104060401
102030201 1004006004101
123454321 10221412301
44943 12345654322
40804 1002003002101
1004006004000 4000008000004
4008004 123454322
400080004 10000200002
4008003 1212225222122
12102420021 4004009004005
102030200 1022325232301
1000002000001 1210024200121
1234221 1210024200121
125686520 1000002000001
27723 104060402
384 1000002000101
8 584
123454221 4004009004005
1232346432320 1234567654321
1002003002000 1232346432421
104060301 1020304030202
484 10201
102030201 1022325232202
10000200001 40000800004
121 12321
11261 1234321
121 1234567654322
10221412200 1022325232202
1232346432221 52002004502002
125686421 26173227162
404090404 1024348434301
523473 1000002000001
12102420021 1213326733121
11261 40000800004
100020001 122348221
1002003002000 4000008000004
3 112651261
123454221 1022325232201
1002001 104060402
303 124570421
44944 10221412301
4 10
104060400 1214428244121
65 2617287827162
21 11261
1212225222121 4004009004005
1020304030201 1212225222121
1118161 122348221
1003004503001 1012155017101
11261 1002001
10200 1004006004101
5343 104060402
1000002000000 1021314631201
100019901 123454321
104060401 104060401
1212225222120 2617287827162
9 1002001
102030101 123454321
103045301 400080104
523473 4000008000104
484 12345654421
65 103045301
484 10221412202
4000008000003 4000008000005
1212225222120 1232346432321
125686521 404090405
400079904 1012155017101
10221412201 1004006004101
1212225222120 1214428244221
100019901 1213326733121
7 400080104
1232346432321 1232346432421
5343 4002008502004
1023336833201 1234567654421
5343 45044
4008003 1232346432421
384 4000008000004
100020001 1004006004002
40000800004 1004006004002
303 12321
2621163 4008005
14541 104060402
1012155017101 52002004502002
125686521 4004009004104
121 100020101
7 5342
123454221 1022325232202
121242120 520001400002
4008003 1210024200122
4 12102420121
12224037221 1117186317161
1000001999901 4000008000104
100020000 12345654322
102030101 404090504
384 1232346432322
101025101 1002003002101
12221 1117186317161
303 122348221
1233457043321 4004009004104
14640 12102420221
520001400003 1001002501001
120 102030201
11261 400080104
123454320 1213326733121
12345654221 40000800005
121242021 1233457043321
65 2621162
1 2
12321 400080005
1002001 1000002000101
1000002000001 1024348434201
483 1234321
44943 1002003002002
1214428244120 4000008000004
100019901 1020304030301
65 40000800104
1020304030200 4000008000004
9 125686621
1024348434201 1024348434202
1234320 1003004503001
1004006004000 1020304030301
9 10301
104060401 1213326733121
124570421 1022325232301
3 123454322
102030201 1233457043321
1004006004000 1214428244221
13481 1212225222121
1000001999901 1004006004101
121242121 4004009004004
10221412200 12102420121
2621163 1024348434201
1022325232201 4000008000104
3 65
104060401 4000008000104
1004006003901 4000008000104
483 1212225222121
14541 1232346432421
12102420121 2617287827162
121242120 1210024200121
1 9
123454221 10000200001
123454221 1234567654321
12102420021 12345654421
1 121242121
121 1002003002101
1210024200120 4000008000004
120 12102420122
42874 1234567654421
402085204 1020304030301
27723 1234321
12102420121 1234567654421
100020001 1002003002101
13481 1234567654321
12321 122348221
112651261 12102420121
1024348434101 1024348434301
44944 1002003002002
100020001 1232346432421
5343 100020002
1232346432221 1234567654322
12345654320 1214428244122
40000799904 1214428244122
40000800003 1020304030301
1000002000000 1002003002101
402085204 4004009004005
121242121 26173227162
1001901 2617287827162
1002000 1002101
44944 1002002
402085204 4000008000005
52014003 121242121
102030101 404090404
11161916161 12345654321
10000200001 1001002501001
104060400 1234567654421
40000799904 1002003002001
52014003 1212225222221
27723 102030201
1022325232201 1022325232301
122348221 1024348434202
100020000 103045301
21 122
14641 1234421
1001002501001 1024348434202
14641 4004009004004
5202145203 1214428244122
262883263 1024348434202
12345654320 26173227162
483 400080004
1001002501001 1020304030201
12345654221 1214428244121
121242121 404090405
125686520 125686521
40000800003 1211124711121
404090403 1232346432322
3 10000200101
12102420021 1210024200221
8 520001400002
14641 14641
10200 102030301
400080004 1000002000001
121242121 1021314631201
10200 1002101
44844 40000800104
103045301 1214428244221
121 104060402
125686521 12102420121
1233457043321 4000008000104
484 4004009004005
14641 1012155017101
104060400 1022325232201
100020001 1232346432321
44944 12224037221
8 13481
404090403 1213326733121
44944 1000002000101
402085204 40000800005
4007904 1212225222221
14640 40000800104
12102420120 1213326733121
1002000 1021314631201
40803 1024348434201
65 1234421
40704 1000002000101
262883263 5202145202
4 1020304030301
102030101 125686621
10221412101 1002003002101
120 523472
1022325232200 1214428244121
121242021 1212225222121
104060400 1024348434301
404090304 4000008000104
10221412200 52002004502002
12221 12321
4 4004009004004
1022325232201 1223387338221
4008003 125686522
12345654320 1210024200221
102030101 1210024200121
1000002000000 1214428244221
10221412101 10221412301
384 125686521
10201 101025101
1022325232101 1023336833201
100019901 5202145202
40804 1021314631201
122348221 1212225222121
125686521 1020304030201
121242121 1212225222122
125686520 1214428244221
125686521 52002004502002
2621163 1214428244122
4007904 404090504
121242021 4004009004004
1004006004001 1023336833201
523473 112651261
40704 1002003002002
404090403 1233457043321
65 1022325232301
44944 100020001
1234221 1020304030301
102030200 122348221
104060301 10221412201
1001901 1232346432322
384 13481
26173227163 40000800005
523473 1023336833201
4 1012155017101
523473 40000800004
4007904 123454321
1000002000000 1232346432321
5202145203 2617287827162
4 1024348434301
400080004 1232346432421
3 1004006004002
12345654321 4000008000004
3 4000008000005
5343 1002002
102030201 1214428244121
12345654321 52002004502002
121 1003004503001
11261 4000008000005
4007904 12345654322
40000799904 1223387338221
40704 404090504
4 1210024200221
13481 52002004502002
1002003002000 1022325232202
14640 122348221
124570421 1002003002002
121242121 1020304030202
484 1234567654322
12345654221 1022325232201
102030201 1232346432321
11261 4008104
262883263 1210024200122
102030200 104060401
1000002000000 1004006004001
483 4008104
44844 4004009004005
124570421 125686522
5202145203 1223387338221
384 1022325232301
1118161 1024348434301
9 1001002501001
103045301 1210024200121
1234320 4004009004005
1 1234322
123454221 1003004503001
1234320 2617287827162
21 12224037221
121242021 10110806101
121242120 121242122
4008003 121242121
1001002501001 4004009004005
123454221 125686621
121 100020001
404090404 1211124711121
10110806101 10221412301
1004006003901 4004009004004
1118161 1001002501001
523473 1223387338221
10000200000 1000002000101
52014003 1233457043321
520001400003 1000002000101
2621163 1004006004002
1118161 12102420221
21 14641
12321 45044
12224037221 1212225222122
1211124711121 4000008000104
121242120 4002008502004
2621163 400080104
1234221 1002003002001
125686520 1212225222221
42874 1000002000101
12345654221 1212225222121
40000800004 1232346432321
384 1024348434201
1234321 2621162
102030201 520001400002
121242021 1002003002101
121242120 12345654321
9 13481
1210024200021 2617287827162
1234320 123454421
4007904 1021314631201
112651261 124570421
1234221 404090404
27723 1004006004001
14541 102030301
1001901 1234567654322
1002000 10221412202
8 1212225222121
303 10000200002
103045301 1214428244121
1234567654221 1234567654322
1002000 1002003002001
404090304 1234567654322
121 10000200001
1000002000001 2617287827162
101025101 1001002501001
100020000 1023336833201
1232346432221 4004009004104
1234320 10221412301
1002000 1022325232201
10221412200 4002008502004
1003004503001 1214428244122
100020000 125686522
384 124570421
65 14642
14640 1004006004101
384 484
1214428244120 4004009004005
121 13481
10201 125686621
14541 1020304030202
1213326733121 1234567654321
40000800004 1212225222221
1232346432320 2617287827162
1234321 1022325232202
122348221 125686522
1003004503001 1021314631201
400080004 1020304030202
7 10110806101
122348221 10221412202
1023336833201 4000008000004
124570421 1212225222122
1002003002001 1223387338221
40000800004 1213326733121
9 12421
1020304030200 4000008000104
104060400 2617287827162
40803 1021314631201
1022325232201 1023336833201
44844 52014002
3 27722
10101 1004006004002
12320 10221412201
400079904 1003004503001
10221412200 12345654421
1002001 123454321
12321 1004006004101
21 1232346432421
10000200001 1223387338221
100019901 104060401
125686421 52002004502002
12224037221 1210024200122
3 1002101
1024348434200 4004009004104
3 12102420122
40804 42874
102030201 104060402
1 402085204
4000008000004 4004009004005
21 125686621
104060401 402085204
2621163 121242221
1118161 104060501
12320 402085204
2621163 402085204
483 10000200001
1118161 40000800004
12320 400080104
400079904 1021314631201
120 1232346432322
402085204 1232346432321
123454221 4000008000004
44944 10000200101
44944 40000800005
1002000 1117186317161
4 13481
14640 1210024200121
100019901 1214428244221
26173227163 1024348434201
8 1024348434202
5343 123454421
404090404 1210024200122
124570421 1232346432421
4008003 1022325232301
44944 1023336833201
1023336833201 1117186317161
12102420121 1003004503001
40000800003 1210024200221
14641 1117186317161
10200 27722
103045301 123454321
1020304030201 1223387338221
12102420120 1023336833201
40704 122348221
5343 1234322
104060301 52002004502002
121242120 1000002000002
1024348434201 1212225222121
400079904 1002003002002
404090404 1214428244122
103045301 12102420121
10221412101 1213326733121
125686521 1001002501001
52014003 104060401
13481 14641
10200 104060401
1012155017101 1223387338221
1023336833201 4004009004005
10101 12345654322
4008004 1234567654321
4 104
1000001999901 1003004503001
10221412200 4004009004004
102030101 400080005
1003004503001 1022325232301
44944 1002101
100019901 102030301
1002003001901 1023336833201
40000800004 4004009004104
3 102030201
40803 1002003002001
1234321 1214428244221
121242121 40000800005
402085204 1234567654421
402085204 12345654321
520001400003 1210024200221
12345654320 1023336833201
100020001 1022325232301
101025101 400080004
104060301 1024348434202
402085204 10000200002
12345654321 1024348434301
4 1234321
13481 12102420121
1117186317161 1232346432321
1001901 1234567654321
14541 100020002
1002001 4004009004004
40803 100020002
8 45044
40704 1214428244121
120 12102420221
40000800003 1234567654322
10101 402085204
523473 1233457043321
3 10221412301
26173227163 1232346432322
104060400 1002003002002
102030200 10221412201
40000799904 4002008502004
124570421 4000008000004
262883263 1211124711121
5202145203 10221412202
10200 1024348434202
1002000 1024348434301
1020304030200 1214428244122
1211124711121 1223387338221
262883263 404090405
44944 1234321
125686521 10000200002
12320 400080005
52014003 103045301
10110806101 1001002501001
12221 2621162
44844 1024348434301
1020304030101 1223387338221
14640 124570421
1020304030200 1234567654322
104060400 12102420221
1234320 123454322
8 102030201
1001002501001 1210024200121
11261 14641
1212225222120 1234567654322
123454221 12345654321
1212225222021 1223387338221
1232346432221 4002008502004
13481 4004009004004
12320 121242122
1024348434200 1212225222122
104060301 121242121
12345654321 4000008000005
1234221 100020101
10201 12224037221
1002001 12102420221
123454320 1232346432322
44944 100020101
1234221 40000800004
40704 102030202
123454221 10221412201
65 1003004503001
14640 52002004502002
102030101 1002003002001
123454221 400080104
102030200 1002003002001
4007904 1210024200221
483 1002002
44844 1004006004002
40704 100020001
10221412200 4000008000004
120 1234567654322
523473 1004006004101
483 104060401
10221412101 26173227162
125686521 40000800004
1234321 1234321
1022325232101 4000008000104
44943 1022325232301
400079904 1000002000002
21 1213326733121
7 109
1214428244120 1234567654322
124570421 10221412202
1000001999901 1000002000001
12102420120 1020304030201
125686520 10000200001
10000199901 1023336833201
483 1022325232202
44944 12102420221
10000200000 1003004503001
125686520 262883262
8 1021314631201
1000002000000 2617287827162
125686421 10221412202
52014003 1234567654322
10221412201 12102420122
1020304030101 1214428244122
125686521 11161916161
2621163 40000800104
14640 125686521
44844 124570421
124570421 1210024200122
1004006003901 2617287827162
1234321 1234567654421
121 40000800104
384 12345654322
1022325232201 1022325232201
125686421 1020304030201
1234321 2617287827162
121242121 1004006004001
4007904 1211124711121
12102420021 1012155017101
120 2617287827162
40000800003 1213326733121
1022325232101 1234567654322
12102420021 1210024200122
484 4008104
12321 10221412202
1234321 1212225222122
1 1210024200221
14641 1024348434201
1117186317161 52002004502002
1002003002001 1232346432322
1233457043321 4004009004005
