100
3 5
10 120
1 101
484 584
1 742
9 742
21 742
10 470
4 65
524 966
211 558
1 302
9 221
384 742
4 6
230 896
4 9
3 10
259 836
689 796
1 65
303 485
196 796
1 6
3 109
7 121
121 742
3 742
65 485
9 584
1 5
21 121
1 2
1 122
436 559
261 866
561 588
476 513
48 375
3 484
9 484
3 121
100 1000
105 694
65 121
122 1000
1 121
9 109
648 881
4 109
158 567
3 65
7 10
121 484
1 1
122 483
41 739
65 122
226 820
8 121
1 109
65 302
1 485
3 6
483 485
177 616
9 485
3 4
223 432
7 302
805 813
647 908
4 4
331 852
120 121
749 904
384 485
658 952
303 484
38 373
21 584
388 522
384 584
525 952
322 900
111 262
3 104
120 485
829 925
182 695
65 221
4 485
248 491
9 121
120 122
1 4
21 221
8 742
1 104
1 1000
