1
100 3 5 7
9 9 27 9 1 9 9
5 3 25 3 15 5 1
6 30 30 2 30 3 6
3 6 10 6 1 2 10
5 20 1 5 20 20 5
1 2 30 5 1 1 1
1 40 10 20 1 4 20
20 1 4 20 4 10 10
4 5 4 4 20 20 5
12 15 5 4 60 3 15
2 8 2 4 8 2 1
5 5 5 5 5 5 75
1 4 4 16 4 16 8
10 2 1 25 50 50 10
12 3 4 1 36 12 3
3 3 4 6 2 12 4
8 1 2 2 2 8 2
15 5 6 5 2 5 30
80 4 16 16 80 80 80
60 3 12 3 5 3 60
8 8 2 8 2 32 8
32 1 8 32 8 4 16
8 2 1 8 8 8 1
12 3 1 3 3 36 3
1 10 5 20 2 2 2
25 5 4 20 100 5 25
80 4 80 1 4 4 16
4 16 16 4 1 12 12
10 5 1 5 2 1 2
25 10 50 10 1 10 10
4 4 3 4 4 48 3
10 15 15 3 5 30 15
6 30 2 2 15 30 2
5 4 1 5 5 20 1
12 4 1 2 6 6 2
50 25 10 50 25 5 50
36 1 3 1 12 4 12
5 12 12 20 3 60 1
27 9 3 3 9 27 9
5 4 20 20 20 25 5
2 4 16 4 2 2 32
2 6 6 12 1 2 1
4 8 8 1 2 32 32
4 1 8 1 8 8 2
8 4 4 8 10 20 8
3 3 12 1 12 4 1
1 8 8 3 4 3 2
12 8 12 1 24 12 3
3 5 15 15 15 15 1
2 10 2 2 20 4 4
30 2 1 5 2 1 3
5 3 75 25 5 25 15
15 2 10 10 1 5 1
1 4 36 12 36 12 4
5 15 75 3 5 15 75
25 50 10 5 50 25 25
24 4 6 12 12 1 3
12 12 4 12 12 12 4
12 24 6 8 6 24 2
4 2 2 1 1 1 3
3 15 15 15 3 3 15
8 2 8 16 16 4 16
6 1 24 2 8 24 12
4 4 4 4 3 20 4
4 1 2 8 4 2 8
15 1 3 12 15 4 4
6 3 1 3 10 1 15
3 1 24 4 12 3 8
2 1 2 2 3 1 2
1 1 6 1 1 18 18
4 12 3 9 4 12 12
10 1 10 2 4 5 5
3 3 3 6 6 9 1
20 25 25 4 20 100 20
10 10 6 3 3 15 5
4 5 3 1 4 4 3
1 2 16 4 8 2 4
20 4 10 8 10 20 5
4 4 4 10 2 10 2
1 2 6 6 4 24 4
5 20 10 20 2 8 5
45 3 45 15 3 5 1
16 1 8 1 1 4 4
15 4 15 15 15 3 1
15 3 9 45 3 1 9
20 5 5 20 4 4 16
4 12 3 4 4 4 4
3 10 30 6 1 3 5
4 3 12 3 4 16 4
4 2 2 4 2 2 4
2 5 2 10 1 2 2
12 9 3 36 9 1 3
6 1 6 3 1 30 15
3 1 18 3 3 6 6
1 1 25 5 15 15 3
16 4 16 8 1 32 8
4 10 2 4 40 40 8
3 20 15 1 3 15 15
20 4 60 60 60 5 15
5 3 2 3 15 5 30
