20
6 2
1 3 1
3 6 1
100 100
13 18 93
54 83 83
57 63 21
55 67 97
16 27 23
52 74 50
88 98 13
69 100 22
45 47 51
4 30 57
38 41 87
19 32 37
32 46 75
9 21 62
41 42 13
72 87 96
4 12 31
1 2 6
77 90 78
59 98 43
9 31 63
53 78 26
58 80 3
8 18 14
70 92 42
25 47 57
91 92 67
66 86 67
8 23 84
60 92 76
78 86 96
75 91 33
8 39 61
13 20 39
56 96 37
27 35 37
71 76 42
87 99 33
56 64 73
57 92 99
74 95 83
3 42 67
79 95 47
53 99 18
54 65 30
61 68 54
70 81 29
1 40 79
82 88 22
58 91 91
18 43 15
20 36 79
55 88 53
72 85 6
24 46 30
29 39 92
70 83 73
9 45 4
64 91 77
11 12 95
53 100 44
36 48 16
18 42 82
19 29 2
76 98 57
34 48 83
53 59 78
10 36 8
42 46 44
69 94 86
54 85 36
78 94 92
5 40 97
7 49 38
68 94 81
16 34 31
80 81 81
5 24 72
71 88 92
3 36 44
8 39 91
60 85 23
6 8 91
8 19 61
7 11 21
30 32 36
32 40 91
64 99 92
62 87 75
66 80 56
31 47 4
69 100 64
37 45 67
12 35 89
8 47 63
55 89 19
6 34 56
9 39 9
12 31 9
67 98 37
84 67
19 65 96
5 34 88
13 61 24
47 73 6
17 33 20
1 71 67
62 84 2
5 55 10
45 55 13
15 26 94
5 73 76
16 84 9
42 77 19
2 18 44
52 66 26
35 71 88
11 76 77
4 34 96
42 70 54
6 54 57
32 75 36
42 77 11
10 66 62
75 82 57
1 13 88
23 61 53
45 72 15
66 72 44
15 28 60
25 81 18
10 13 19
35 84 10
48 73 81
1 61 26
17 51 96
18 42 80
50 60 93
15 66 65
20 59 47
61 71 77
17 83 72
19 31 67
77 78 2
51 83 12
37 66 57
18 35 88
25 61 77
6 19 9
10 77 23
9 33 71
43 70 66
61 76 7
27 57 48
2 60 15
17 19 20
12 38 79
74 84 95
14 70 28
28 49 96
25 81 5
15 52 77
32 55 51
10 24 2
31 42 67
45 80 42
13 37 2
13 36 25
43 83
6 15 35
23 37 95
18 22 27
6 38 8
27 34 11
5 17 80
4 29 58
9 15 86
1 11 7
7 27 90
4 11 66
5 17 93
1 7 49
8 41 30
10 29 20
16 20 26
26 36 46
14 24 39
19 43 3
1 16 86
11 34 60
35 36 91
33 42 11
36 40 95
16 26 94
22 41 86
16 35 99
22 24 6
12 23 53
17 30 73
22 27 1
9 10 15
23 34 88
23 36 30
7 19 42
11 17 76
14 37 86
4 12 71
5 8 98
25 26 21
14 41 39
28 29 45
6 10 44
36 42 9
10 22 25
17 23 85
11 31 29
35 37 98
8 16 18
16 36 56
26 43 3
17 37 57
12 19 45
2 23 62
6 36 81
9 30 46
18 40 12
28 36 49
40 43 99
1 40 95
24 39 3
22 30 69
20 25 73
11 25 56
15 38 65
20 43 16
5 32 5
7 12 52
4 14 85
18 30 7
17 32 67
35 42 33
2 36 50
11 34 43
29 32 94
34 40 53
35 39 36
6 42 22
1 20 63
27 28 33
1 20 97
18 29 55
14 34 3
66 50
50 51 15
17 56 63
6 52 60
14 19 5
22 61 50
44 46 82
53 57 97
55 57 50
12 39 86
22 25 29
10 64 57
37 66 58
1 53 37
27 45 55
21 48 61
25 32 98
26 56 12
32 46 67
12 16 57
29 48 49
13 64 87
10 32 24
22 35 78
15 52 41
20 49 12
2 20 49
16 39 1
16 30 39
11 54 59
8 62 56
13 23 32
2 45 34
18 20 50
33 53 88
34 55 57
19 33 90
2 37 30
7 60 94
19 39 97
24 36 90
38 39 78
5 63 16
21 44 88
6 8 91
9 62 53
4 38 91
20 28 10
10 63 55
16 36 70
4 56 92
46 1
22 26 76
2 100
1 2 24
1 2 75
1 2 14
1 2 11
1 2 25
1 2 4
1 2 13
1 2 12
1 2 19
1 2 23
1 2 53
1 2 91
1 2 35
1 2 23
1 2 81
1 2 49
1 2 6
1 2 45
1 2 88
1 2 10
1 2 19
1 2 6
1 2 64
1 2 95
1 2 59
1 2 26
1 2 89
1 2 100
1 2 84
1 2 69
1 2 33
1 2 95
1 2 4
1 2 32
1 2 25
1 2 91
1 2 53
1 2 46
1 2 39
1 2 21
1 2 22
1 2 42
1 2 33
1 2 58
1 2 42
1 2 84
1 2 1
1 2 95
1 2 55
1 2 84
1 2 74
1 2 86
1 2 92
1 2 57
1 2 90
1 2 3
1 2 63
1 2 42
1 2 64
1 2 17
1 2 60
1 2 34
1 2 100
1 2 52
1 2 31
1 2 2
1 2 39
1 2 2
1 2 69
1 2 81
1 2 66
1 2 83
1 2 27
1 2 31
1 2 69
1 2 9
1 2 19
1 2 80
1 2 16
1 2 86
1 2 6
1 2 8
1 2 67
1 2 50
1 2 92
1 2 84
1 2 1
1 2 13
1 2 15
1 2 35
1 2 39
1 2 13
1 2 59
1 2 80
1 2 94
1 2 89
1 2 66
1 2 61
1 2 25
1 2 65
54 17
45 54 34
32 42 58
10 18 67
15 43 87
23 45 100
21 27 96
26 50 29
14 49 15
4 47 40
32 35 67
13 44 48
9 23 60
18 25 84
26 34 63
18 47 66
9 45 55
14 20 66
45 58
9 31 31
14 29 65
3 13 58
14 31 88
28 29 15
34 41 46
20 27 99
9 21 29
37 43 32
3 9 90
31 37 94
4 43 74
1 18 61
10 23 77
12 15 47
6 42 38
31 33 47
15 30 81
25 35 35
14 32 97
30 37 46
37 45 95
27 33 10
9 23 79
27 43 24
16 32 85
19 34 42
18 30 51
16 43 69
29 37 70
21 31 51
16 42 57
13 17 45
8 27 18
28 31 49
6 37 83
16 19 69
6 43 16
14 31 84
8 42 17
18 40 68
17 27 97
10 39 43
37 43 42
22 42 87
34 44 18
3 7 3
15 33 8
15 17 47
6 9 52
6 27 53
7 10 49
10 16 5
28 36 44
10 28 51
23 29 68
1 34 15
11 14 72
41 100
26 28 82
11 33 26
33 35 92
24 36 67
37 39 26
14 23 14
21 24 18
3 40 24
27 30 97
6 34 84
2 37 12
14 31 38
3 28 96
8 22 2
10 21 21
24 35 13
24 29 85
22 36 46
6 25 25
4 20 75
13 22 99
1 39 31
35 37 2
10 25 42
6 11 65
32 40 79
10 37 88
1 39 46
8 35 22
18 23 96
30 41 89
6 10 36
19 41 49
22 27 36
36 40 34
22 30 72
5 22 62
20 33 58
8 18 94
12 30 52
7 16 69
9 17 36
33 41 64
20 23 67
13 40 53
9 21 61
33 38 92
8 38 9
30 37 59
15 20 19
13 23 4
24 39 61
4 19 24
8 9 36
1 26 84
4 38 31
8 22 2
15 23 95
36 38 3
6 29 31
31 36 70
19 29 91
2 20 8
12 38 84
13 25 74
9 28 95
8 13 91
25 41 55
9 22 85
24 37 96
13 39 97
26 31 77
24 37 74
4 26 3
10 12 23
13 41 63
29 38 16
12 30 84
4 36 83
31 40 21
27 31 47
4 11 34
17 24 28
37 39 54
29 40 19
2 23 44
4 27 15
12 17 49
8 24 15
29 31 86
17 36 38
12 31 67
11 37 32
18 20 39
2 14 17
21 25 91
22 36 71
18 28 59
5 21 100
21 36 64
100 100
32 71 25
14 90 100
50 87 13
15 79 46
21 81 86
28 77 30
7 69 48
27 90 94
27 74 5
4 80 67
26 99 34
19 99 60
4 69 67
33 76 56
10 97 45
14 72 9
48 65 75
16 66 1
27 79 17
38 82 33
3 86 92
40 91 15
12 91 54
19 100 74
21 81 75
32 75 27
25 95 85
22 92 46
38 89 56
23 89 15
26 65 30
30 72 50
23 79 43
8 56 36
36 63 21
5 73 77
45 83 32
8 54 31
40 80 10
16 83 31
48 54 1
39 87 28
21 86 1
46 65 61
4 80 31
48 99 68
44 99 89
25 61 36
12 99 10
8 53 75
13 79 42
35 78 53
40 87 90
44 83 52
19 75 30
10 84 15
20 75 6
6 56 29
28 95 34
30 92 57
41 70 85
7 58 77
46 84 20
37 61 88
24 84 88
11 80 75
15 60 75
38 69 12
37 58 91
35 82 38
32 79 95
16 96 4
1 95 15
2 52 87
48 98 40
25 56 98
39 52 26
49 93 54
42 58 22
5 55 86
22 68 73
21 79 8
40 89 60
22 95 10
47 63 88
16 86 78
22 56 83
16 78 13
49 68 91
9 55 33
6 73 15
47 92 14
27 71 55
27 57 88
1 79 19
48 89 65
40 61 99
48 77 14
7 60 64
37 58 9
58 42
39 45 73
9 12 13
36 55 78
26 43 32
16 51 100
24 41 59
9 42 58
30 33 22
9 31 57
6 58 4
2 13 100
13 43 84
34 49 66
49 54 70
8 29 43
23 39 46
35 46 49
11 29 10
43 55 83
24 58 63
15 47 73
10 39 38
21 44 51
41 51 24
11 18 81
13 17 86
9 22 98
36 50 18
24 36 18
22 31 90
3 12 92
43 54 88
18 40 73
32 38 81
12 18 13
31 58 45
16 25 67
51 54 89
13 35 76
6 52 5
26 42 42
45 49 6
100 100
34 68 5
34 74 38
11 66 86
55 64 100
29 45 51
27 39 83
11 71 94
2 67 28
48 76 59
1 7 21
21 23 36
2 76 100
22 33 31
15 74 9
20 92 65
44 63 70
56 92 64
16 76 86
37 54 38
16 22 56
38 39 81
11 51 63
7 13 76
18 66 63
92 96 88
55 62 38
16 100 5
7 91 39
54 65 86
47 70 73
68 69 82
26 78 68
35 73 62
13 75 19
37 96 22
65 71 59
61 73 67
47 83 26
55 77 2
6 85 28
8 91 21
74 83 51
13 26 50
41 92 52
12 22 79
58 91 43
58 82 45
49 83 83
54 67 23
33 65 84
27 56 45
8 85 45
1 74 38
6 75 30
26 71 33
39 69 2
20 51 32
63 99 71
2 96 43
41 54 50
49 62 96
13 89 67
54 91 61
22 81 3
79 95 70
52 93 68
33 48 17
4 78 98
57 82 13
28 50 48
30 63 1
10 56 24
14 28 100
57 93 12
1 7 39
78 91 76
44 83 84
9 58 68
36 98 65
20 39 77
16 42 7
29 31 19
65 78 38
16 22 56
31 85 18
21 96 29
41 52 85
5 57 35
37 83 63
5 51 18
9 30 95
7 93 19
32 79 72
15 76 47
44 63 82
38 76 2
23 90 15
32 71 34
33 45 1
17 19 78
52 34
21 36 48
2 11 72
15 27 25
38 46 81
36 40 71
41 52 82
37 49 56
14 16 49
12 41 15
9 36 29
24 29 27
21 44 32
7 42 64
1 18 39
24 26 68
15 45 63
19 35 13
9 28 58
5 50 24
42 52 21
24 26 11
11 48 24
21 31 30
19 46 90
19 24 73
3 6 15
47 51 66
12 36 76
29 30 70
2 10 27
22 32 66
23 29 90
6 49 88
20 37 47
34 9
13 18 32
2 19 43
3 18 40
25 30 6
11 33 69
2 26 70
15 19 48
7 16 56
22 28 3
96 25
34 39 4
42 57 12
27 59 62
51 59 34
12 48 94
11 45 67
9 76 43
44 79 42
54 89 71
7 12 70
56 63 70
46 55 55
23 83 9
25 49 43
30 60 95
9 75 72
30 55 27
27 33 58
51 67 18
16 74 30
22 91 54
6 75 71
34 57 6
63 69 11
2 82 69
72 91
28 72 31
29 65 1
54 66 91
13 38 25
12 32 16
52 57 65
50 60 40
2 56 78
1 44 92
5 7 78
64 70 91
28 37 75
36 59 21
21 47 41
46 69 33
30 49 91
40 65 6
41 70 59
1 11 54
55 65 74
11 26 54
30 55 56
53 69 59
7 37 27
13 71 82
9 36 7
20 55 17
4 71 95
38 52 54
19 36 82
26 71 68
3 69 20
18 39 80
26 63 26
47 63 90
2 3 72
43 65 69
14 41 60
3 65 5
15 37 54
2 52 32
40 59 86
10 30 12
32 42 87
4 54 55
16 61 9
16 20 33
12 42 55
56 70 5
3 14 36
31 41 95
1 35 36
19 56 31
16 20 24
7 54 60
41 69 82
10 27 83
53 55 70
2 11 56
58 71 16
49 72 44
37 58 3
6 30 17
36 51 55
10 61 90
29 63 31
9 31 60
10 24 56
9 10 37
38 51 91
40 49 66
34 68 91
25 62 86
1 41 22
14 33 41
18 60 77
22 54 10
30 35 41
53 64 76
34 50 39
41 71 30
60 62 17
11 46 98
27 56 64
11 24 52
25 42 15
11 25 80
24 43 25
10 57 59
26 64 10
17 49 6
6 2
1 3 2
4 6 1
58 75
36 57 71
8 28 21
20 57 20
27 29 77
28 57 100
26 30 58
25 49 58
6 21 87
20 28 39
40 54 64
13 43 30
26 32 50
19 31 29
32 38 90
7 57 43
24 42 18
18 24 58
4 29 86
56 58 59
3 26 34
25 31 90
15 16 1
7 38 20
49 52 95
29 42 94
28 40 64
42 51 11
2 30 9
29 45 95
6 27 75
15 42 22
5 27 55
46 50 75
20 29 25
3 10 68
2 19 69
12 50 48
17 46 42
12 50 62
43 51 9
26 49 91
1 11 30
12 28 71
32 50 85
31 37 19
12 32 99
5 57 14
31 33 80
9 28 48
50 55 24
45 49 19
18 58 31
18 49 21
20 25 96
22 23 24
26 43 35
18 25 6
1 10 72
26 34 71
14 32 93
44 58 82
15 32 6
22 37 96
5 52 29
28 43 5
27 35 67
17 21 44
13 25 4
42 52 11
17 37 60
9 13 17
22 35 99
14 54 48
12 28 20
8 30 48
10 2
1 7 2
6 9 1
