20
100 100
50 82 26
8 86 5
25 68 20
47 57 77
28 87 87
29 86 19
8 98 62
6 64 97
15 96 83
48 64 74
25 83 95
15 67 2
12 82 92
28 51 1
25 64 12
4 91 32
11 90 53
43 57 54
39 71 23
29 52 65
36 95 11
17 94 85
37 80 51
1 61 66
29 60 5
26 96 73
28 59 53
13 75 36
21 72 76
48 88 93
4 94 65
16 89 73
22 98 11
20 93 16
36 68 38
32 84 9
4 86 60
44 98 21
36 80 82
9 78 26
50 85 62
37 92 60
41 78 30
16 81 21
40 54 72
18 70 64
36 53 87
39 93 14
19 98 16
14 79 64
43 98 61
27 71 40
4 97 85
45 90 74
5 83 61
27 92 24
1 72 28
29 87 26
26 84 83
47 54 44
12 76 77
35 94 3
14 84 61
5 89 31
19 64 59
5 72 20
38 67 46
49 52 11
24 71 24
42 97 72
29 61 13
37 60 73
41 60 51
34 65 6
3 92 14
27 62 66
3 78 5
11 51 92
42 70 55
41 79 95
28 76 44
19 86 36
20 94 72
4 100 23
50 80 24
43 60 92
6 67 59
4 91 70
45 51 79
10 57 8
35 59 19
5 99 14
49 66 62
43 53 25
24 80 79
27 73 44
15 82 95
34 53 82
24 53 37
44 79 55
96 58
23 61 2
2 40 11
15 53 44
41 91 28
63 90 85
10 44 68
9 74 60
7 40 9
40 85 61
83 94 17
82 87 24
3 79 40
51 90 96
23 68 30
40 54 19
38 39 8
8 55 98
13 66 75
8 40 76
30 71 49
26 47 37
40 60 25
4 29 20
14 58 85
24 33 72
5 80 85
4 13 37
56 64 59
23 47 86
76 80 90
10 48 72
43 62 91
15 96 91
32 59 79
54 65 89
10 26 24
54 80 96
50 82 51
28 72 92
74 84 87
1 72 49
38 84 20
34 85 51
20 29 21
86 91 94
7 17 39
52 76 67
54 71 80
36 71 46
46 50 23
19 77 22
78 91 73
16 64 10
27 76 2
3 77 17
30 42 50
68 82 12
34 92 2
2 100
1 2 19
1 2 12
1 2 61
1 2 16
1 2 49
1 2 1
1 2 87
1 2 79
1 2 1
1 2 79
1 2 43
1 2 5
1 2 58
1 2 84
1 2 33
1 2 15
1 2 50
1 2 61
1 2 12
1 2 99
1 2 56
1 2 84
1 2 56
1 2 12
1 2 74
1 2 99
1 2 2
1 2 74
1 2 28
1 2 14
1 2 42
1 2 68
1 2 100
1 2 50
1 2 66
1 2 95
1 2 89
1 2 76
1 2 74
1 2 26
1 2 62
1 2 29
1 2 10
1 2 89
1 2 88
1 2 84
1 2 57
1 2 88
1 2 2
1 2 40
1 2 24
1 2 50
1 2 45
1 2 95
1 2 40
1 2 49
1 2 10
1 2 98
1 2 26
1 2 57
1 2 46
1 2 38
1 2 5
1 2 29
1 2 45
1 2 63
1 2 96
1 2 95
1 2 41
1 2 1
1 2 54
1 2 96
1 2 5
1 2 91
1 2 66
1 2 99
1 2 12
1 2 76
1 2 64
1 2 86
1 2 17
1 2 11
1 2 63
1 2 39
1 2 67
1 2 10
1 2 95
1 2 64
1 2 62
1 2 67
1 2 33
1 2 67
1 2 26
1 2 31
1 2 32
1 2 93
1 2 80
1 2 33
1 2 76
1 2 24
17 91
10 15 8
1 3 18
16 17 87
4 16 4
9 14 3
8 12 84
1 5 74
3 8 38
4 13 16
5 7 7
10 15 28
1 17 60
16 17 1
4 13 10
13 15 12
9 14 41
3 4 6
11 12 1
4 10 79
3 9 18
4 13 85
6 15 11
1 6 47
7 16 68
1 3 8
3 14 46
1 15 38
8 16 75
14 16 89
7 14 83
12 13 98
1 3 19
2 5 65
8 9 86
8 9 32
10 13 14
10 13 85
9 17 7
3 11 94
4 17 83
14 17 12
11 16 43
8 15 52
6 12 58
3 15 6
9 10 59
4 7 37
15 16 62
5 11 47
5 16 10
11 14 82
5 17 4
2 3 22
5 11 64
4 14 87
6 16 75
12 13 63
3 15 51
10 14 80
5 13 93
8 17 31
3 16 8
12 16 52
13 16 29
8 17 85
2 14 24
4 5 95
1 4 43
4 13 70
10 12 39
5 10 2
13 17 45
5 11 80
5 13 16
2 14 93
5 10 97
6 15 20
4 5 31
2 13 66
1 4 87
9 14 88
9 11 56
5 8 80
1 3 24
5 15 27
3 14 93
1 8 67
4 5 93
12 15 1
7 14 50
6 9 51
94 67
77 86 80
73 75 20
4 70 59
50 79 51
45 58 10
82 91 21
9 27 35
5 75 38
4 50 35
10 85 55
35 82 8
41 65 5
7 64 16
15 67 97
21 65 96
43 89 58
45 64 62
16 30 62
22 39 52
14 63 15
40 74 7
28 42 1
44 82 36
5 17 63
40 48 67
15 66 13
24 85 18
11 35 98
53 70 89
72 93 16
38 64 15
22 41 43
21 69 51
14 85 23
65 68 11
43 89 83
17 49 86
52 56 14
49 78 89
41 73 81
7 51 83
25 92 2
35 68 68
9 83 79
46 51 71
11 72 62
4 57 86
2 33 5
10 25 28
18 93 43
62 87 56
42 74 47
48 50 10
16 67 95
14 54 20
8 45 13
16 84 22
38 56 65
57 64 18
75 85 12
3 64 91
44 90 18
46 55 26
15 68 30
48 61 79
39 91 4
89 94 4
6 2
1 3 2
4 6 1
69 42
23 51 24
37 69 44
3 26 95
43 68 22
26 48 56
26 47 82
44 52 54
36 46 33
4 51 59
17 63 100
8 65 56
14 38 30
32 43 63
43 58 5
6 64 89
5 6 53
19 26 38
38 66 65
35 41 7
1 26 62
24 54 86
42 47 4
20 27 45
2 47 50
3 48 19
33 52 88
8 14 60
36 42 22
33 35 37
3 9 8
20 34 1
13 62 1
42 65 77
28 29 89
14 67 96
11 27 13
27 36 99
46 54 34
33 50 92
24 29 93
9 26 4
11 58 53
76 34
22 40 54
38 43 4
19 29 88
21 62 7
67 76 62
10 16 36
20 52 71
10 66 30
18 74 59
1 25 15
7 35 90
62 69 79
32 41 67
36 56 98
32 56 57
17 72 55
48 64 99
28 75 84
27 72 20
21 54 55
8 51 27
44 48 4
7 38 94
10 24 72
3 43 47
17 50 1
2 58 1
72 73 60
11 23 89
47 64 24
17 40 52
12 37 4
11 12 22
24 28 36
100 100
90 95 22
12 61 43
17 39 24
9 96 10
2 15 74
27 59 92
22 88 7
24 78 4
48 55 17
28 97 33
54 81 69
19 65 5
41 58 63
60 65 40
4 97 69
18 23 16
26 69 60
4 94 74
60 100 6
39 44 29
25 46 56
27 42 47
44 69 18
8 68 78
64 78 100
29 39 27
24 61 7
1 83 42
3 95 92
93 95 41
2 87 46
38 44 97
29 83 37
6 89 96
7 73 66
30 47 79
1 98 18
24 79 8
16 91 36
84 85 55
31 72 4
73 83 38
3 88 5
77 79 90
77 80 46
35 87 2
4 92 80
56 66 83
9 56 88
25 51 51
4 72 43
4 44 14
14 35 21
60 80 54
9 71 21
20 63 16
75 93 50
40 99 45
38 79 4
65 93 12
45 93 5
19 84 60
8 87 42
32 56 93
69 79 61
75 81 63
3 4 54
24 81 56
23 62 97
17 92 78
55 78 54
49 93 37
13 60 27
4 9 35
24 99 32
43 64 15
20 34 94
58 87 91
8 69 98
34 56 49
6 51 100
42 73 37
50 68 65
59 73 33
24 65 15
7 96 5
48 65 65
2 59 41
58 59 32
14 79 87
77 98 35
11 87 40
26 72 18
49 75 51
3 12 71
31 44 90
49 97 81
64 78 15
18 100 53
6 77 49
100 100
54 69 32
83 91 52
7 28 44
13 16 45
15 21 77
89 92 4
56 93 26
68 93 25
55 100 25
59 79 31
53 54 33
20 47 86
59 87 66
5 35 9
8 38 93
7 37 28
22 41 15
11 19 91
57 94 74
51 58 66
60 66 87
33 45 68
16 28 3
76 89 25
70 86 68
24 47 70
15 46 29
60 63 59
58 90 93
21 35 34
59 84 6
54 72 3
72 100 43
18 39 59
17 28 70
18 25 81
31 35 87
65 81 93
23 30 19
76 92 68
14 23 18
79 99 32
88 96 57
60 67 72
23 43 21
14 33 78
59 93 5
69 74 85
26 33 77
22 29 89
23 42 59
53 85 21
16 35 98
7 18 26
57 67 56
53 87 87
45 46 41
17 31 4
2 3 42
32 46 47
8 44 90
79 94 43
75 86 80
92 96 29
74 88 71
15 43 6
69 83 64
80 100 30
21 44 23
20 40 11
23 27 21
52 80 8
68 71 83
36 49 78
82 90 15
57 73 100
63 79 90
76 98 60
54 98 64
55 73 44
70 93 81
68 78 24
70 83 95
15 46 26
61 89 10
33 36 44
4 6 57
81 89 7
37 39 60
21 22 94
19 50 32
8 44 72
2 24 12
30 36 19
94 96 25
25 31 6
32 50 12
13 48 96
30 36 53
69 90 11
75 50
1 50 32
63 72 53
1 21 69
10 50 7
8 54 9
4 12 12
11 35 9
17 20 29
31 35 81
1 29 96
15 57 45
18 42 38
16 26 86
25 72 40
8 20 30
7 19 72
7 29 2
62 71 41
4 34 75
8 19 54
43 52 32
58 62 62
14 42 22
23 40 31
19 61 61
37 61 84
46 48 28
41 47 51
12 15 98
32 42 76
41 52 7
22 39 59
15 27 33
24 51 70
11 22 12
6 29 30
23 67 62
8 69 4
13 43 81
50 57 10
43 61 78
1 50 5
43 45 60
28 73 4
38 57 91
36 71 22
4 22 98
43 45 58
1 14 97
3 64 27
6 2
1 3 1
3 6 1
38 83
6 17 31
9 11 5
22 36 70
3 4 49
15 16 2
18 20 67
21 35 32
29 35 16
17 24 71
7 28 58
29 33 16
4 31 85
5 38 73
14 35 82
17 33 47
14 27 16
26 29 98
13 26 61
15 35 2
3 11 40
3 8 59
6 29 56
10 33 42
10 24 15
11 20 68
7 26 60
21 24 19
1 8 42
20 27 78
14 31 82
29 31 26
2 10 84
10 16 74
13 33 58
3 11 75
2 12 80
22 26 40
11 24 25
6 11 9
20 22 34
31 34 50
16 26 51
13 24 50
9 31 11
10 37 85
8 12 64
18 34 58
23 31 52
4 35 49
3 4 77
16 26 29
10 18 64
8 33 73
22 28 33
2 33 14
25 32 10
21 30 43
12 24 52
5 32 14
16 34 3
13 25 48
12 31 8
26 33 24
11 15 95
1 31 62
14 35 15
14 22 49
20 32 62
2 24 13
20 30 74
12 29 17
10 30 11
16 23 46
22 35 2
12 14 58
21 29 90
9 25 33
5 9 20
31 35 29
2 21 89
20 30 30
22 28 15
17 34 29
35 9
12 28 15
5 33 47
28 30 60
6 20 74
4 29 93
16 20 22
27 28 37
11 28 42
2 10 7
99 1
31 53 98
95 75
25 26 81
63 93 13
77 91 66
28 44 14
37 47 83
1 73 4
55 62 38
26 46 93
39 47 71
3 10 74
9 51 48
58 81 24
22 75 48
3 78 11
72 86 51
42 63 88
6 47 58
8 20 80
11 70 70
1 37 79
64 80 22
26 39 27
87 94 51
10 18 98
61 70 14
26 86 30
8 52 43
13 75 34
40 64 2
62 67 14
4 40 27
58 92 93
23 49 29
27 47 88
18 51 92
38 94 16
36 76 41
4 34 7
39 55 17
45 86 29
5 53 24
4 6 56
53 95 70
14 87 88
58 70 1
16 38 31
48 75 25
6 60 91
58 67 56
4 83 5
46 94 84
19 89 65
59 70 60
29 54 2
20 42 2
22 79 44
35 43 3
20 79 58
32 88 51
1 7 52
21 86 96
7 79 70
1 16 87
2 56 59
32 53 92
39 79 42
42 68 14
24 67 67
10 62 70
49 72 92
19 35 40
2 49 51
51 85 61
21 35 70
34 47 52
85 25
35 83 44
56 60 69
2 73 5
18 71 10
1 18 86
11 17 38
17 49 39
33 63 61
41 66 25
3 32 82
5 35 4
10 36 14
34 40 40
20 76 92
31 41 65
12 70 43
21 23 42
21 82 62
50 54 78
10 81 43
30 65 85
33 62 40
7 10 37
40 56 28
18 41 94
83 17
12 70 88
49 60 100
6 54 53
27 71 90
9 14 97
24 46 75
36 76 21
46 54 100
62 82 80
16 24 12
22 62 69
3 15 86
38 67 87
39 78 93
43 62 60
21 44 74
70 82 26
100 100
9 62 3
27 38 68
34 56 52
13 25 70
48 93 44
40 89 76
64 89 35
24 30 26
4 94 1
31 96 68
60 72 88
27 78 20
41 100 49
7 40 58
19 20 19
41 46 73
5 60 57
52 57 68
19 29 15
30 92 90
90 97 58
27 80 45
19 76 58
48 60 58
20 22 91
94 100 15
8 54 3
26 45 52
61 72 38
26 56 91
69 93 35
54 85 5
7 93 37
15 47 2
67 84 1
21 35 26
29 69 75
3 72 61
10 55 74
32 92 10
80 95 85
49 74 5
20 24 93
30 62 74
15 78 47
21 30 24
41 81 3
52 89 87
18 33 43
2 51 61
53 71 39
33 41 92
36 92 69
31 75 49
83 92 43
14 98 86
23 78 6
1 27 86
78 85 24
30 56 74
67 83 4
36 97 52
72 90 4
67 84 49
20 26 54
22 32 67
6 74 9
29 38 67
35 82 50
47 56 78
50 80 44
10 32 25
5 56 54
7 32 27
31 69 53
9 53 99
72 98 36
31 79 42
30 97 91
32 61 60
14 27 5
92 94 58
50 61 24
3 40 3
42 70 63
51 99 49
33 49 88
36 59 63
26 67 75
10 46 27
2 76 82
9 14 19
17 76 69
15 57 48
5 78 93
61 62 96
59 72 100
37 72 61
37 96 48
56 80 10
10 2
1 7 2
6 9 1
