20
38 9
13 21 57
29 31 8
9 24 69
3 31 39
14 36 91
7 15 39
20 38 18
17 33 91
15 24 34
6 2
1 3 2
4 6 1
36 25
26 28 52
1 31 89
21 26 71
11 27 75
4 28 73
14 36 29
31 35 10
19 20 86
2 30 88
6 32 12
15 32 87
2 25 61
26 27 16
9 19 98
8 17 72
4 24 58
8 11 5
15 22 46
31 33 22
3 23 57
3 19 89
27 30 35
4 35 5
28 33 30
5 35 26
68 1
50 66 93
2 100
1 2 8
1 2 73
1 2 84
1 2 69
1 2 62
1 2 25
1 2 90
1 2 20
1 2 68
1 2 61
1 2 89
1 2 84
1 2 76
1 2 68
1 2 74
1 2 29
1 2 84
1 2 94
1 2 64
1 2 20
1 2 80
1 2 1
1 2 18
1 2 96
1 2 4
1 2 8
1 2 4
1 2 80
1 2 42
1 2 72
1 2 30
1 2 17
1 2 76
1 2 93
1 2 42
1 2 28
1 2 62
1 2 11
1 2 21
1 2 38
1 2 5
1 2 32
1 2 18
1 2 17
1 2 22
1 2 74
1 2 29
1 2 14
1 2 56
1 2 47
1 2 12
1 2 78
1 2 95
1 2 7
1 2 88
1 2 73
1 2 45
1 2 55
1 2 5
1 2 77
1 2 34
1 2 80
1 2 90
1 2 70
1 2 99
1 2 1
1 2 12
1 2 81
1 2 64
1 2 46
1 2 43
1 2 95
1 2 93
1 2 55
1 2 91
1 2 82
1 2 100
1 2 71
1 2 77
1 2 21
1 2 87
1 2 50
1 2 24
1 2 42
1 2 73
1 2 93
1 2 16
1 2 88
1 2 29
1 2 18
1 2 17
1 2 60
1 2 64
1 2 44
1 2 43
1 2 16
1 2 75
1 2 42
1 2 89
1 2 62
28 34
4 23 60
2 26 48
2 17 23
12 21 46
7 19 69
9 25 41
13 15 81
19 28 99
18 26 15
21 24 13
7 16 61
7 19 74
7 19 18
13 18 56
5 11 4
9 16 68
13 20 25
3 23 85
19 20 4
11 18 91
7 18 97
5 23 66
1 9 4
1 6 7
8 12 76
20 21 13
10 23 57
7 11 43
6 13 80
6 28 84
4 12 93
6 25 9
2 15 40
8 25 33
44 58
33 41 64
21 23 67
14 24 98
38 44 57
33 42 30
3 37 28
29 41 46
4 9 98
12 37 82
20 41 73
12 18 65
15 38 18
4 25 36
3 34 22
10 29 60
17 35 98
5 11 50
19 39 18
17 26 27
18 41 70
9 16 91
16 33 97
33 41 85
18 28 43
7 33 79
19 23 30
4 11 48
4 25 14
21 31 31
14 20 97
33 35 60
20 41 32
8 22 92
14 34 56
8 18 55
26 41 68
4 29 86
12 28 10
28 31 41
11 16 17
26 33 69
8 25 90
4 41 77
10 38 14
32 44 63
7 24 92
3 29 50
6 9 21
5 8 87
4 22 20
25 33 52
18 27 9
19 33 42
9 21 50
10 35 48
10 19 80
5 19 26
14 36 16
100 67
5 43 73
66 86 69
70 84 45
16 47 77
53 77 50
63 98 27
6 34 51
4 92 93
5 91 35
27 48 5
7 94 6
12 32 95
42 47 16
16 76 80
79 92 57
7 29 23
92 100 73
1 61 57
3 78 81
9 97 93
37 55 33
54 95 22
67 77 57
2 9 57
19 99 71
39 59 94
41 92 26
33 34 60
25 40 72
30 50 8
6 84 35
39 72 56
3 52 14
2 23 65
75 81 38
52 81 63
12 65 28
10 32 3
14 73 72
93 94 37
14 99 36
14 89 20
1 24 24
72 91 66
3 34 6
10 40 12
3 99 57
21 94 96
61 74 75
31 88 32
30 94 10
42 68 53
24 70 31
31 100 2
36 44 22
28 33 28
89 94 88
29 62 70
25 43 48
3 100 13
44 53 53
17 42 33
49 82 8
16 21 16
19 91 87
18 100 93
75 76 20
100 100
32 87 15
45 93 3
40 82 30
13 91 29
15 97 55
19 54 53
12 85 38
19 95 73
17 78 29
29 65 64
37 97 53
16 98 82
36 78 86
28 85 99
30 80 33
11 68 5
22 68 94
28 63 50
29 62 37
13 81 15
25 100 69
6 65 87
26 83 12
6 93 39
39 78 8
40 94 53
48 91 83
10 98 37
11 53 21
16 81 95
9 56 76
14 84 63
9 56 72
23 52 64
41 58 75
37 85 18
44 55 92
41 80 32
42 94 72
4 60 25
37 62 41
43 59 30
43 69 62
40 86 9
15 82 59
23 81 40
31 85 79
28 95 85
7 66 43
39 95 8
7 55 100
10 94 81
36 92 61
26 57 77
38 77 58
31 78 75
45 65 2
27 61 14
6 71 46
21 66 82
11 98 4
5 80 15
25 75 59
10 79 21
31 97 18
22 62 59
47 98 10
36 72 69
44 67 61
5 66 53
14 94 31
36 83 95
7 81 36
21 63 76
11 64 28
45 71 55
6 63 86
22 100 13
21 95 81
8 97 43
35 76 55
17 62 45
14 83 39
3 58 76
23 62 53
25 51 89
27 87 57
2 90 9
7 94 8
18 51 14
37 96 73
42 90 4
2 79 98
10 54 28
24 91 10
46 77 37
2 63 77
19 89 21
32 60 67
6 80 7
65 100
14 38 21
24 34 40
13 62 6
31 38 43
13 63 57
22 27 25
8 19 15
48 50 52
61 65 89
20 26 57
14 32 80
24 39 97
30 37 52
22 49 96
29 30 89
4 31 27
13 59 85
43 64 58
30 43 5
61 63 18
12 61 70
58 62 21
31 38 87
57 58 64
13 19 40
20 23 91
15 29 13
22 42 56
3 25 55
12 52 47
1 45 91
5 53 71
12 33 32
2 16 34
18 28 21
5 54 67
29 49 26
29 49 53
42 64 42
47 64 16
12 27 36
8 37 52
6 52 60
29 45 34
50 61 25
14 61 20
16 62 16
10 24 77
3 32 52
23 54 63
28 46 18
8 34 22
7 56 98
10 19 47
24 37 1
34 52 54
6 41 76
10 26 2
35 38 33
30 46 99
24 27 99
6 17 30
12 22 26
19 62 43
16 40 85
33 37 55
8 35 82
9 64 43
3 24 76
3 22 84
9 47 38
3 58 90
33 53 76
13 43 36
1 39 90
42 56 20
1 42 99
38 63 94
20 26 50
9 29 93
45 50 21
5 29 35
10 27 62
14 59 29
29 34 23
7 65 6
10 64 39
6 15 44
20 37 12
17 50 56
7 56 37
3 50 48
28 42 17
1 41 60
10 31 33
11 58 59
15 24 40
5 12 42
40 56 20
23 48 19
45 75
26 35 11
4 24 33
2 43 12
1 40 19
27 32 75
30 45 30
28 44 94
11 36 23
38 40 77
14 28 27
12 33 81
39 43 18
20 31 4
38 43 32
13 43 9
10 45 44
7 32 37
31 35 89
27 44 85
6 21 41
34 38 91
9 11 9
11 25 40
1 44 86
1 5 98
27 44 10
16 27 29
4 43 27
35 36 79
4 45 58
26 43 70
4 44 18
34 44 95
17 43 70
21 41 6
10 25 44
26 36 67
4 42 40
19 27 67
18 27 17
4 45 46
14 33 8
13 29 75
27 38 58
4 37 51
10 12 90
38 42 21
20 21 77
4 12 31
19 44 23
11 20 92
4 44 77
11 40 75
11 37 3
20 34 97
1 16 62
16 26 94
21 26 97
4 37 7
2 12 54
21 36 92
11 37 95
10 41 22
5 45 83
25 45 54
3 18 24
19 23 99
11 13 38
10 44 11
6 15 52
18 34 16
5 7 48
5 27 96
14 21 87
10 35 15
87 91
8 62 38
6 80 21
13 47 84
2 62 30
6 53 35
21 85 90
5 82 32
70 85 77
7 70 41
61 69 94
29 68 19
28 66 51
13 41 17
12 79 52
11 15 55
41 59 33
82 86 72
1 10 95
12 76 45
27 49 94
18 66 16
49 65 97
6 7 57
1 26 44
8 14 38
54 76 55
35 63 17
27 32 15
55 60 91
28 81 57
12 13 6
12 14 65
69 80 18
14 33 21
40 64 3
61 86 57
30 81 82
36 66 49
4 48 67
50 56 64
21 73 100
3 73 97
55 81 71
66 80 100
67 72 46
2 17 42
28 66 87
11 61 9
25 28 79
9 73 24
38 45 1
4 52 30
52 69 11
30 67 7
61 73 19
29 78 50
18 84 85
24 40 6
16 65 68
29 79 88
2 37 80
24 52 75
34 36 87
61 69 3
31 63 75
56 86 47
47 87 2
41 81 22
39 71 50
25 34 38
29 38 42
23 76 31
28 56 100
13 52 70
2 4 48
30 44 22
24 65 85
33 74 53
30 82 73
21 53 2
7 53 47
11 21 54
16 24 42
13 33 99
28 73 4
7 55 97
35 42 74
11 80 72
37 49 21
35 82 20
8 87 9
24 50
5 10 3
17 21 39
1 8 89
10 17 64
3 22 89
9 16 68
2 12 14
14 17 91
18 23 59
13 18 39
9 10 48
8 13 57
1 19 37
19 22 90
1 19 52
3 23 73
18 24 13
8 13 26
6 21 90
3 8 60
1 24 58
1 13 91
1 12 79
2 15 26
13 17 61
4 13 67
2 23 52
7 19 62
7 11 40
16 20 28
3 18 81
14 17 26
22 23 9
9 24 21
5 10 27
4 24 52
3 6 1
7 16 31
5 17 15
3 7 45
5 15 89
8 18 46
13 21 23
21 23 50
7 13 25
3 4 85
21 24 44
18 22 73
11 23 97
3 24 7
76 42
16 25 54
11 46 64
7 21 89
18 42 81
53 71 1
36 71 10
28 45 79
18 74 30
13 37 33
66 74 61
39 67 47
18 65 64
8 34 71
45 51 26
39 41 97
10 16 30
7 43 40
43 75 58
3 12 62
2 56 65
1 41 89
6 23 96
7 64 80
23 45 44
43 55 58
30 67 27
38 65 97
14 27 17
8 63 96
2 16 17
22 45 50
17 22 56
21 28 66
49 50 20
11 23 30
18 69 89
1 7 35
11 68 75
55 76 90
16 67 73
34 68 44
1 41 55
42 83
30 42 40
12 38 68
8 19 66
11 29 40
12 29 80
9 27 50
1 18 90
3 21 14
10 21 62
28 39 45
24 37 40
20 34 13
7 9 64
5 10 42
2 26 6
34 40 27
5 22 33
20 40 70
13 20 54
6 18 72
1 16 13
29 31 81
28 32 75
4 26 59
3 32 50
35 36 42
4 38 4
5 24 17
20 27 13
6 28 13
9 38 54
3 17 55
14 40 70
9 42 84
19 33 39
7 22 76
32 34 46
5 39 74
22 29 84
1 15 61
6 9 17
6 11 96
24 29 64
4 13 44
6 33 21
24 28 100
10 13 39
10 12 92
21 27 45
29 32 25
5 27 30
16 26 66
2 9 34
24 38 66
10 14 90
5 24 94
22 27 65
19 34 20
30 35 35
22 32 51
3 11 5
5 7 63
2 23 64
10 15 71
8 36 96
3 12 17
10 18 71
13 28 2
3 9 26
1 25 71
5 33 4
11 37 61
22 30 84
7 41 42
12 23 86
10 18 6
15 29 88
15 19 17
4 18 27
9 21 57
9 37 3
19 41 94
13 19 15
100 100
21 26 3
11 24 30
7 23 8
1 47 46
62 99 87
1 32 80
51 54 1
73 87 28
72 95 91
58 81 77
75 93 24
10 22 1
61 88 4
26 50 31
20 48 11
21 27 33
27 43 84
9 15 2
14 38 73
53 74 29
6 8 4
5 35 15
53 56 28
20 48 58
34 46 61
7 49 82
3 16 30
84 85 33
14 32 17
73 84 59
61 74 65
28 49 96
87 88 90
60 90 65
31 43 59
59 73 21
64 81 31
51 94 100
54 64 19
29 47 44
77 90 62
58 68 90
67 90 32
16 34 17
74 97 67
53 85 87
16 44 64
85 95 12
3 17 41
30 39 88
53 56 84
64 100 83
5 23 99
9 44 55
63 84 25
74 86 25
35 45 25
58 83 24
51 92 92
32 38 28
55 89 80
58 99 67
9 26 86
76 92 82
19 36 69
16 26 57
73 77 7
16 21 60
69 77 96
43 49 44
2 15 41
76 89 72
34 39 43
82 98 40
97 99 40
5 22 28
53 55 90
16 28 92
7 43 81
92 93 22
27 35 50
88 91 21
52 87 60
6 28 98
1 19 78
78 95 89
69 85 22
6 8 79
25 41 27
54 70 16
10 38 7
31 34 34
82 93 38
77 79 49
11 48 42
33 35 19
73 99 41
60 97 64
9 24 4
53 89 36
10 2
1 7 2
6 9 1
6 2
1 3 1
3 6 1
42 17
19 40 20
1 27 94
7 41 87
30 37 53
6 29 54
17 18 60
2 11 39
23 34 34
2 8 39
3 38 34
5 42 52
33 34 68
25 37 38
19 29 36
21 23 78
9 24 24
20 32 23
100 100
17 79 65
50 86 32
40 65 97
2 99 96
81 92 72
4 64 40
44 90 67
10 39 72
13 100 9
17 94 5
39 88 84
19 28 1
70 81 5
20 41 36
12 55 98
4 9 89
37 79 15
32 51 62
64 79 15
93 97 21
42 96 7
62 68 2
9 30 67
74 75 61
16 74 99
18 53 99
3 39 45
18 82 3
14 59 48
33 94 54
43 59 70
17 40 3
21 37 9
23 36 92
16 35 62
36 80 74
7 54 19
2 77 6
39 92 87
30 44 42
36 89 82
27 70 20
47 50 99
43 61 89
29 47 23
64 73 6
38 56 92
12 66 10
83 91 71
93 99 93
2 22 13
22 34 18
46 86 54
56 64 44
28 82 18
21 31 7
1 42 64
33 92 24
32 54 6
67 84 84
83 85 5
6 62 84
3 25 70
78 92 100
58 88 89
45 62 29
4 11 95
4 19 92
7 52 72
26 51 57
80 100 15
70 83 25
43 46 97
49 51 60
4 99 70
9 66 41
39 92 16
49 94 86
46 89 74
44 97 85
40 65 9
17 36 11
21 25 52
79 91 45
23 99 2
35 93 26
14 97 99
7 77 14
22 62 74
21 64 58
6 75 24
35 42 7
51 72 30
57 84 51
29 97 93
70 97 50
39 70 46
2 67 35
2 65 81
54 74 75
